0.00E+00	-0.00139	-0.011089
5.00E-05	-0.001423	-0.007174
1.00E-04	-0.001356	-0.001768
0.00015	-0.001363	-0.00143
0.0002	-0.001348	-0.000999
0.00025	-0.00125	-0.001245
0.0003	-0.001814	-0.001041
0.00035	-0.004664	-0.001171
0.0004	-0.005447	-0.001027
0.00045	-0.005577	-0.001073
0.0005	-0.005588	-0.00106
0.00055	-0.00567	-0.001123
0.0006	-0.005599	-0.001071
0.00065	-0.005628	-0.001093
0.0007	-0.005604	-0.001216
0.00075	-0.005665	-0.001982
0.0008	-0.005591	-0.002147
0.00085	-0.005625	-0.002202
0.0009	-0.005603	-0.002177
0.00095	-0.005643	-0.002172
0.001	-0.005181	-0.002162
0.00105	-0.004645	-0.002177
0.0011	-0.004617	-0.002196
0.00115	-0.004545	-0.00227
0.0012	-0.004606	-0.002162
0.00125	-0.004617	-0.002198
0.0013	-0.004569	-0.002151
0.00135	-0.00459	-0.002051
0.0014	-0.004619	-0.000557
0.00145	-0.004624	-0.000127
0.0015	-0.004576	-5.35E-05
0.00155	-0.004547	-9.46E-05
0.0016	-0.004608	1.23E-05
0.00165	-0.004562	-0.000169
0.0017	-0.00454	2.60E-05
0.00175	-0.004602	-0.000256
0.0018	-0.004621	9.19E-05
0.00185	-0.004565	-0.000384
0.0019	-0.004565	0.000236
0.00195	-0.004568	-0.000565
0.002	-0.004619	0.000942
0.00205	-0.004587	-0.007606
0.0021	-0.00463	-0.02119
0.00215	-0.004564	-0.022339
0.0022	-0.004645	-0.023353
0.00225	-0.004612	-0.022915
0.0023	-0.004673	-0.023374
0.00235	-0.005395	-0.023037
0.0024	-0.005464	-0.023274
0.00245	-0.005565	-0.023008
0.0025	-0.005611	-0.023263
0.00255	-0.005589	-0.023015
0.0026	-0.005556	-0.023338
0.00265	-0.005563	-0.022894
0.0027	-0.005612	-0.024382
0.00275	-0.005612	-0.02694
0.0028	-0.005617	-0.027178
0.00285	-0.005633	-0.027328
0.0029	-0.005599	-0.027252
0.00295	-0.005541	-0.027287
0.003	-0.006194	-0.027197
0.00305	-0.006601	-0.027347
0.0031	-0.006594	-0.02723
0.00315	-0.006645	-0.02731
0.0032	-0.006646	-0.027188
0.00325	-0.006609	-0.02728
0.0033	-0.006676	-0.027204
0.00335	-0.00668	-0.02682
0.0034	-0.006685	-0.015515
0.00345	-0.00663	-0.010004
0.0035	-0.00669	-0.009768
0.00355	-0.00653	-0.009306
0.0036	-0.006702	-0.009563
0.00365	-0.005791	-0.009433
0.0037	-0.004699	-0.009489
0.00375	-0.004656	-0.00947
0.0038	-0.004554	-0.009473
0.00385	-0.004556	-0.009492
0.0039	-0.004524	-0.009444
0.00395	-0.00452	-0.009537
0.004	-0.004546	-0.009344
0.00405	-0.004575	-0.014469
0.0041	-0.004536	-0.018535
0.00415	-0.004606	-0.018547
0.0042	-0.004531	-0.019017
0.00425	-0.004566	-0.018642
0.0043	-0.004181	-0.018987
0.00435	-0.003481	-0.01865
0.0044	-0.003404	-0.019005
0.00445	-0.003412	-0.018681
0.0045	-0.003396	-0.01916
0.00455	-0.003361	-0.018473
0.0046	-0.00337	-0.019278
0.00465	-0.003386	-0.017955
0.0047	-0.003356	-0.024568
0.00475	-0.003361	-0.035931
0.0048	-0.003397	-0.037079
0.00485	-0.003361	-0.037803
0.0049	-0.003366	-0.037561
0.00495	-0.003352	-0.037814
0.005	-0.003335	-0.037655
0.00505	-0.00333	-0.037805
0.0051	-0.003308	-0.037712
0.00515	-0.003327	-0.037811
0.0052	-0.003378	-0.037796
0.00525	-0.003356	-0.037693
0.0053	-0.003338	-0.037885
0.00535	-0.003392	-0.036262
0.0054	-0.003435	-0.031377
0.00545	-0.003379	-0.030577
0.0055	-0.003374	-0.030226
0.00555	-0.003344	-0.030404
0.0056	-0.003404	-0.030181
0.00565	-0.002754	-0.03036
0.0057	-0.00242	-0.030222
0.00575	-0.002406	-0.030401
0.0058	-0.002336	-0.030122
0.00585	-0.002361	-0.030398
0.0059	-0.002384	-0.030098
0.00595	-0.002324	-0.03054
0.006	-0.002362	-0.030046
0.00605	-0.00228	-0.040292
0.0061	-0.002384	-0.047472
0.00615	-0.002333	-0.04751
0.0062	-0.00242	-0.048172
0.00625	-0.002263	-0.047878
0.0063	-0.003303	-0.048227
0.00635	-0.004427	-0.047904
0.0064	-0.004465	-0.048102
0.00645	-0.004512	-0.047867
0.0065	-0.004466	-0.048128
0.00655	-0.004516	-0.047864
0.0066	-0.004535	-0.04808
0.00665	-0.004499	-0.047797
0.0067	-0.004491	-0.050617
0.00675	-0.004543	-0.052983
0.0068	-0.004588	-0.053109
0.00685	-0.004457	-0.05331
0.0069	-0.004582	-0.053175
0.00695	-0.003933	-0.053239
0.007	-0.001752	-0.05318
0.00705	-0.001298	-0.053234
0.0071	-0.001204	-0.053083
0.00715	-0.001315	-0.053228
0.0072	-0.001195	-0.053069
0.00725	-0.001267	-0.05333
0.0073	-0.001272	-0.052895
0.00735	-0.001267	-0.055359
0.0074	-0.001275	-0.058972
0.00745	-0.001291	-0.059252
0.0075	-0.001261	-0.0595
0.00755	-0.001278	-0.059367
0.0076	-0.001254	-0.059547
0.00765	-0.001241	-0.0594
0.0077	-0.001234	-0.059484
0.00775	-0.001246	-0.059429
0.0078	-0.001234	-0.059397
0.00785	-0.001256	-0.059349
0.0079	-0.001287	-0.059445
0.00795	-0.001261	-0.059296
0.008	-0.00132	-0.059198
0.00805	-0.001238	-0.053293
0.0081	-0.001254	-0.050137
0.00815	-0.001211	-0.050087
0.0082	-0.001305	-0.049808
0.00825	-0.001231	-0.04988
0.0083	-0.002192	-0.049852
0.00835	-0.003239	-0.049902
0.0084	-0.003249	-0.04979
0.00845	-0.003324	-0.049839
0.0085	-0.003274	-0.049812
0.00855	-0.003448	-0.049768
0.0086	-0.003333	-0.049764
0.00865	-0.003261	-0.049845
0.0087	-0.003346	-0.052918
0.00875	-0.003334	-0.054835
0.0088	-0.00329	-0.054717
0.00885	-0.003308	-0.055013
0.0089	-0.0033	-0.054905
0.00895	-0.003348	-0.055028
0.009	-0.003379	-0.054861
0.00905	-0.003356	-0.055027
0.0091	-0.003308	-0.054892
0.00915	-0.003312	-0.055106
0.0092	-0.003353	-0.05481
0.00925	-0.003344	-0.055204
0.0093	-0.003341	-0.054502
0.00935	-0.003305	-0.057547
0.0094	-0.003341	-0.062579
0.00945	-0.003318	-0.063034
0.0095	-0.00339	-0.063351
0.00955	-0.003323	-0.063217
0.0096	-0.003216	-0.063324
0.00965	-0.000685	-0.063206
0.0097	0.000546	-0.063302
0.00975	0.000609	-0.063244
0.0098	0.000694	-0.063267
0.00985	0.00064	-0.063237
0.0099	0.000684	-0.063197
0.00995	0.000613	-0.063296
0.01	0.000665	-0.062535
0.01005	0.000642	-0.058261
0.0101	0.000637	-0.057079
0.01015	0.000679	-0.056864
0.0102	0.000677	-0.056861
0.01025	0.000687	-0.056816
0.0103	-0.000424	-0.056927
0.01035	-0.001163	-0.056852
0.0104	-0.0012	-0.056908
0.01045	-0.001258	-0.05681
0.0105	-0.001223	-0.056926
0.01055	-0.001256	-0.056799
0.0106	-0.001254	-0.056887
0.01065	-0.001256	-0.057293
0.0107	-0.001287	-0.070544
0.01075	-0.001261	-0.077273
0.0108	-0.001169	-0.077406
0.01085	-0.00128	-0.077935
0.0109	-0.001156	-0.077719
0.01095	-0.001582	-0.077943
0.011	-0.002257	-0.077732
0.01105	-0.0023	-0.077809
0.0111	-0.002309	-0.077776
0.01115	-0.002251	-0.077829
0.0112	-0.00235	-0.077837
0.01125	-0.002329	-0.077726
0.0113	-0.002342	-0.077948
0.01135	-0.002317	-0.075216
0.0114	-0.0023	-0.072675
0.01145	-0.002372	-0.072725
0.0115	-0.002294	-0.072326
0.01155	-0.002377	-0.072522
0.0116	-0.002054	-0.072308
0.01165	-0.000713	-0.072592
0.0117	-0.000311	-0.072348
0.01175	-0.000254	-0.072531
0.0118	-0.000229	-0.072248
0.01185	-0.000267	-0.072528
0.0119	-0.000196	-0.072108
0.01195	-0.000262	-0.072871
0.012	-0.000256	-0.069482
0.01205	-0.000219	-0.062114
0.0121	-0.00014	-0.061147
0.01215	-0.000214	-0.060701
0.0122	-0.00014	-0.060745
0.01225	-0.00024	-0.06066
0.0123	0.001405	-0.060715
0.01235	0.002714	-0.060671
0.0124	0.002684	-0.060679
0.01245	0.002724	-0.060657
0.0125	0.002691	-0.06069
0.01255	0.002799	-0.060643
0.0126	0.002784	-0.060587
0.01265	0.002761	-0.060915
0.0127	0.002694	-0.062859
0.01275	0.002697	-0.063585
0.0128	0.002758	-0.063722
0.01285	0.002675	-0.063739
0.0129	0.002782	-0.063702
0.01295	0.002291	-0.063728
0.013	0.001745	-0.063684
0.01305	0.001781	-0.063688
0.0131	0.001626	-0.063607
0.01315	0.001714	-0.063764
0.0132	0.001663	-0.063507
0.01325	0.001716	-0.063761
0.0133	0.001664	-0.06374
0.01335	0.00174	-0.072627
0.0134	0.00162	-0.0779
0.01345	0.001722	-0.07808
0.0135	0.001626	-0.078416
0.01355	0.001837	-0.078239
0.0136	0.000781	-0.078397
0.01365	-0.001756	-0.078283
0.0137	-0.002188	-0.078275
0.01375	-0.00235	-0.078253
0.0138	-0.002359	-0.07817
0.01385	-0.002362	-0.078298
0.0139	-0.002296	-0.078039
0.01395	-0.002329	-0.078578
0.014	-0.002309	-0.075368
0.01405	-0.002278	-0.068735
0.0141	-0.002344	-0.068096
0.01415	-0.002383	-0.067572
0.0142	-0.002355	-0.06788
0.01425	-0.002132	-0.067516
0.0143	0.000398	-0.067848
0.01435	0.001633	-0.067487
0.0144	0.001685	-0.067768
0.01445	0.001682	-0.067339
0.0145	0.001696	-0.067871
0.01455	0.001682	-0.067161
0.0146	0.001697	-0.068453
0.01465	0.001604	-0.062591
0.0147	0.001719	-0.04691
0.01475	0.001682	-0.044157
0.0148	0.001718	-0.043319
0.01485	0.001655	-0.043456
0.0149	0.001749	-0.043277
0.01495	0.000141	-0.043417
0.015	-0.001097	-0.043248
0.01505	-0.001167	-0.043365
0.0151	-0.001242	-0.043273
0.01515	-0.001232	-0.04337
0.0152	-0.001268	-0.04329
0.01525	-0.001223	-0.043295
0.0153	-0.001296	-0.043545
0.01535	-0.001239	-0.048256
0.0154	-0.001252	-0.050434
0.01545	-0.0013	-0.050399
0.0155	-0.001254	-0.050711
0.01555	-0.001352	-0.050504
0.0156	-0.000942	-0.050702
0.01565	-0.000267	-0.050507
0.0157	-0.000245	-0.050622
0.01575	-0.000138	-0.050422
0.0158	-0.000229	-0.050708
0.01585	-0.000167	-0.050356
0.0159	-0.000204	-0.050781
0.01595	-0.00021	-0.04995
0.016	-0.000258	-0.053989
0.01605	-0.000191	-0.06259
0.0161	-0.000207	-0.06362
0.01615	-0.000152	-0.06419
0.0162	-0.000304	-0.063968
0.01625	0.00014	-0.064222
0.0163	0.002111	-0.06396
0.01635	0.002623	-0.064264
0.0164	0.002719	-0.063958
0.01645	0.00275	-0.064304
0.0165	0.002742	-0.063869
0.01655	0.002734	-0.064405
0.0166	0.002771	-0.063583
0.01665	0.002734	-0.066867
0.0167	0.002708	-0.074148
0.01675	0.002742	-0.075333
0.0168	0.002753	-0.075623
0.01685	0.002786	-0.075611
0.0169	0.002762	-0.075697
0.01695	0.002757	-0.075669
0.017	0.002724	-0.075573
0.01705	0.002765	-0.075786
0.0171	0.002716	-0.075486
0.01715	0.002742	-0.075766
0.0172	0.00275	-0.075276
0.01725	0.002772	-0.076187
0.0173	0.002695	-0.071931
0.01735	0.00282	-0.059532
0.0174	0.002724	-0.057134
0.01745	0.002757	-0.056613
0.0175	0.002651	-0.056618
0.01755	0.002776	-0.056475
0.0176	0.001186	-0.056527
0.01765	-6.85E-05	-0.05658
0.0177	-6.99E-05	-0.056406
0.01775	-0.000244	-0.056549
0.0178	-0.0002	-0.056333
0.01785	-0.000137	-0.05665
0.0179	-0.000188	-0.0562
0.01795	-0.000314	-0.056853
0.018	-0.000254	-0.04694
0.01805	-0.000252	-0.039272
0.0181	-0.000304	-0.039004
0.01815	-0.00023	-0.038405
0.0182	-0.000289	-0.038706
0.01825	0.000291	-0.03849
0.0183	0.001476	-0.038532
0.01835	0.00166	-0.038468
0.0184	0.001725	-0.038461
0.01845	0.001642	-0.038565
0.0185	0.001699	-0.038384
0.01855	0.001646	-0.038665
0.0186	0.001651	-0.038041
0.01865	0.001582	-0.042801
0.0187	0.001652	-0.04836
0.01875	0.001663	-0.048555
0.0188	0.001666	-0.048954
0.01885	0.001666	-0.048788
0.0189	0.001534	-0.048855
0.01895	0.000834	-0.048862
0.019	0.00069	-0.04883
0.01905	0.000665	-0.0489
0.0191	0.000661	-0.048744
0.01915	0.000644	-0.04894
0.0192	0.000687	-0.048586
0.01925	0.000639	-0.049281
0.0193	0.000648	-0.045839
0.01935	0.000605	-0.03628
0.0194	0.000673	-0.034604
0.01945	0.00057	-0.034138
0.0195	0.000695	-0.03431
0.01955	0.000542	-0.034111
0.0196	0.003056	-0.034193
0.01965	0.004789	-0.034134
0.0197	0.004838	-0.034175
0.01975	0.004901	-0.034127
0.0198	0.004886	-0.034137
0.01985	0.004864	-0.034138
0.0199	0.004928	-0.03402
0.01995	0.004912	-0.034034
0.02	0.004913	-0.029018
0.02005	0.004875	-0.025866
0.0201	0.005011	-0.025779
0.02015	0.00483	-0.025574
0.0202	0.005116	-0.025665
0.02025	0.002842	-0.025555
0.0203	7.27E-05	-0.025651
0.02035	-6.31E-05	-0.025639
0.0204	-0.000325	-0.025624
0.02045	-0.000181	-0.025639
0.0205	-0.000284	-0.025596
0.02055	-0.000234	-0.025651
0.0206	-0.000252	-0.025473
0.02065	-0.000188	-0.026771
0.0207	-0.000248	-0.028641
0.02075	-0.000247	-0.02869
0.0208	-0.000217	-0.028849
0.02085	-0.000207	-0.028726
0.0209	-1.78E-05	-0.028832
0.02095	0.001966	-0.028789
0.021	0.002629	-0.028918
0.02105	0.002692	-0.028682
0.0211	0.002705	-0.028826
0.02115	0.002606	-0.028715
0.0212	0.002649	-0.028925
0.02125	0.002713	-0.028489
0.0213	0.002695	-0.03036
0.02135	0.002713	-0.034282
0.0214	0.002768	-0.034829
0.02145	0.002686	-0.035065
0.0215	0.002714	-0.03504
0.02155	0.002636	-0.035105
0.0216	0.001965	-0.034991
0.02165	0.0017	-0.035023
0.0217	0.001656	-0.034983
0.02175	0.001622	-0.034988
0.0218	0.001609	-0.035073
0.02185	0.001649	-0.035032
0.0219	0.001615	-0.035083
0.02195	0.001622	-0.035061
0.022	0.001589	-0.03899
0.02205	0.001623	-0.041144
0.0221	0.001673	-0.041146
0.02215	0.001657	-0.041312
0.0222	0.001642	-0.041268
0.02225	0.001659	-0.041293
0.0223	0.001694	-0.041285
0.02235	0.001638	-0.041312
0.0224	0.001671	-0.041353
0.02245	0.001673	-0.041316
0.0225	0.001656	-0.041307
0.02255	0.001645	-0.041218
0.0226	0.00157	-0.041323
0.02265	0.001594	-0.037316
0.0227	0.001642	-0.034046
0.02275	0.001635	-0.034097
0.0228	0.001685	-0.033646
0.02285	0.001673	-0.03403
0.0229	0.00164	-0.033627
0.02295	0.001648	-0.034022
0.023	0.001681	-0.033517
0.02305	0.001696	-0.03403
0.0231	0.001693	-0.033416
0.02315	0.001651	-0.034341
0.0232	0.00166	-0.03307
0.02325	0.001614	-0.035162
0.0233	0.001579	-0.024271
0.02335	0.001608	-0.006118
0.0234	0.001615	-0.00428
0.02345	0.00163	-0.003068
0.0235	0.001614	-0.003644
0.02355	0.001609	-0.003191
0.0236	0.000892	-0.003462
0.02365	0.000662	-0.003241
0.0237	0.000633	-0.003415
0.02375	0.0006	-0.003257
0.0238	0.000589	-0.003308
0.02385	0.000639	-0.003378
0.0239	0.000568	-0.002983
0.02395	0.000592	-0.005414
0.024	0.000589	-0.018591
0.02405	0.000674	-0.022524
0.0241	0.000591	-0.023048
0.02415	0.00069	-0.02314
0.0242	0.000648	-0.023138
0.02425	0.003202	-0.023141
0.0243	0.004731	-0.023124
0.02435	0.004728	-0.023113
0.0244	0.004874	-0.023052
0.02445	0.004891	-0.023115
0.0245	0.004912	-0.023115
0.02455	0.004926	-0.023164
0.0246	0.004868	-0.02314
0.02465	0.004876	-0.024615
0.0247	0.00486	-0.025163
0.02475	0.004946	-0.025263
0.0248	0.004839	-0.025149
0.02485	0.005089	-0.025258
0.0249	0.00347	-0.025188
0.02495	0.000932	-0.025378
0.025	0.000694	-0.025078
0.02505	0.000537	-0.025363
0.0251	0.000557	-0.025015
0.02515	0.00057	-0.025478
0.0252	0.000602	-0.024737
0.02525	0.000583	-0.025887
0.0253	0.000598	-0.015417
0.02535	0.000584	-0.005175
0.0254	0.00054	-0.004845
0.02545	0.000654	-0.004019
0.0255	0.000422	-0.004488
0.02555	0.001445	-0.004121
0.0256	0.004211	-0.004368
0.02565	0.004693	-0.004132
0.0257	0.004869	-0.004362
0.02575	0.004786	-0.004181
0.0258	0.004854	-0.004292
0.02585	0.004819	-0.004196
0.0259	0.004858	-0.004217
0.02595	0.004805	-0.004481
0.026	0.004857	-0.00604
0.02605	0.004831	-0.006238
0.0261	0.004886	-0.006356
0.02615	0.004894	-0.006275
0.0262	0.0048	-0.006428
0.02625	0.002751	-0.006287
0.0263	0.001705	-0.006421
0.02635	0.001685	-0.006246
0.0264	0.001575	-0.006487
0.02645	0.001608	-0.006214
0.0265	0.001651	-0.006479
0.02655	0.001597	-0.006206
0.0266	0.001614	-0.005555
0.02665	0.001601	0.014341
0.0267	0.001609	0.024325
0.02675	0.001619	0.024778
0.0268	0.001656	0.025418
0.02685	0.001533	0.025248
0.0269	0.002632	0.025318
0.02695	0.003644	0.025308
0.027	0.003588	0.025266
0.02705	0.003718	0.025402
0.0271	0.003666	0.025167
0.02715	0.003734	0.025551
0.0272	0.003722	0.024846
0.02725	0.003642	0.025667
0.0273	0.003697	0.009559
0.02735	0.003699	-0.002172
0.0274	0.003599	-0.002453
0.02745	0.003763	-0.003378
0.0275	0.003662	-0.002982
0.02755	0.003854	-0.003307
0.0276	0.004619	-0.003191
0.02765	0.004808	-0.003183
0.0277	0.004823	-0.003368
0.02775	0.004864	-0.00303
0.0278	0.004867	-0.003523
0.02785	0.004845	-0.00274
0.0279	0.004827	-0.004401
0.02795	0.004821	0.003858
0.028	0.004772	0.025042
0.02805	0.004854	0.028383
0.0281	0.004754	0.029588
0.02815	0.004853	0.029239
0.0282	0.004475	0.029632
0.02825	0.002302	0.029363
0.0283	0.001662	0.029498
0.02835	0.001623	0.029335
0.0284	0.001564	0.029505
0.02845	0.001533	0.029357
0.0285	0.001614	0.029481
0.02855	0.001592	0.029457
0.0286	0.001648	0.02925
0.02865	0.001507	0.028548
0.0287	0.001607	0.028335
0.02875	0.001588	0.028382
0.0288	0.001645	0.028301
0.02885	0.001567	0.028405
0.0289	0.002701	0.028246
0.02895	0.003589	0.028446
0.029	0.003571	0.028193
0.02905	0.00367	0.028533
0.0291	0.003655	0.028147
0.02915	0.003718	0.028592
0.0292	0.003718	0.027986
0.02925	0.003664	0.028408
0.0293	0.003712	0.01035
0.02935	0.003608	-0.001227
0.0294	0.003695	-0.001575
0.02945	0.003663	-0.002442
0.0295	0.003833	-0.002141
0.02955	0.002727	-0.002269
0.0296	0.000903	-0.002244
0.02965	0.000701	-0.002163
0.0297	0.000535	-0.002384
0.02975	0.000616	-0.002014
0.0298	0.000625	-0.002587
0.02985	0.000627	-0.001642
0.0299	0.000551	-0.003388
0.02995	0.000555	0.008364
0.03	0.000531	0.024351
0.03005	0.000613	0.025182
0.0301	0.000544	0.026563
0.03015	0.000526	0.025818
0.0302	0.000707	0.026479
0.03025	0.002102	0.025918
0.0303	0.002629	0.02639
0.03035	0.00264	0.025988
0.0304	0.00265	0.026357
0.03045	0.002649	0.025965
0.0305	0.002612	0.026502
0.03055	0.002624	0.0257
0.0306	0.002699	0.028571
0.03065	0.002628	0.034399
0.0307	0.002598	0.035409
0.03075	0.002624	0.035623
0.0308	0.002694	0.035615
0.03085	0.002644	0.035585
0.0309	0.002679	0.035683
0.03095	0.002595	0.035585
0.031	0.002679	0.035694
0.03105	0.002617	0.035489
0.0311	0.00265	0.035748
0.03115	0.002602	0.035353
0.0312	0.002658	0.036071
0.03125	0.002596	0.032482
0.0313	0.002683	0.017054
0.03135	0.002647	0.013235
0.0314	0.002691	0.012595
0.03145	0.002584	0.012619
0.0315	0.002765	0.012363
0.03155	0.001359	0.012618
0.0316	-0.000141	0.012305
0.03165	-0.000207	0.012636
0.0317	-0.000322	0.012264
0.03175	-0.000326	0.012789
0.0318	-0.000351	0.012124
0.03185	-0.000317	0.012941
0.0319	-0.000343	0.011771
0.03195	-0.000356	0.023204
0.032	-0.000329	0.03349
0.03205	-0.000387	0.033824
0.0321	-0.000345	0.034591
0.03215	-0.0005	0.0344
0.0322	0.000387	0.034478
0.03225	0.003015	0.034432
0.0323	0.003547	0.034289
0.03235	0.003686	0.034562
0.0324	0.003641	0.03417
0.03245	0.003673	0.034807
0.0325	0.003647	0.033759
0.03255	0.003585	0.035581
0.0326	0.003593	0.023966
0.03265	0.00367	0.007962
0.0327	0.003641	0.007038
0.03275	0.003629	0.005693
0.0328	0.003689	0.006356
0.03285	0.003542	0.00575
0.0329	0.002823	0.006191
0.03295	0.002603	0.005859
0.033	0.002602	0.006103
0.03305	0.002586	0.005932
0.0331	0.002591	0.006072
0.03315	0.002581	0.005931
0.0332	0.002614	0.005876
0.03325	0.002649	0.006575
0.0333	0.002636	0.009498
0.03335	0.002625	0.010084
0.0334	0.002646	0.010286
0.03345	0.002603	0.01019
0.0335	0.002599	0.010283
0.03355	0.002587	0.010289
0.0336	0.002671	0.010274
0.03365	0.002662	0.010269
0.0337	0.002561	0.010317
0.03375	0.002629	0.01029
0.0338	0.002716	0.010294
0.03385	0.002613	0.010161
0.0339	0.002535	0.010656
0.03395	0.002612	0.014019
0.034	0.00255	0.015451
0.03405	0.00259	0.015313
0.0341	0.00261	0.015583
0.03415	0.002706	0.015405
0.0342	0.002243	0.015594
0.03425	0.001634	0.015375
0.0343	0.001601	0.015608
0.03435	0.001574	0.015265
0.0344	0.001527	0.015726
0.03445	0.001571	0.015136
0.0345	0.001529	0.015941
0.03455	0.001524	0.014784
0.0346	0.001578	0.027692
0.03465	0.001581	0.038618
0.0347	0.001526	0.038956
0.03475	0.001545	0.039777
0.0348	0.001468	0.039404
0.03485	0.001888	0.039734
0.0349	0.003242	0.039618
0.03495	0.00354	0.039574
0.035	0.003634	0.039612
0.03505	0.003632	0.039468
0.0351	0.003655	0.039806
0.03515	0.003589	0.039159
0.0352	0.003608	0.040366
0.03525	0.003614	0.034343
0.0353	0.003555	0.021807
0.03535	0.003608	0.020324
0.0354	0.003597	0.0195
0.03545	0.003585	0.019771
0.0355	0.00359	0.019485
0.03555	0.003586	0.01967
0.0356	0.003678	0.019455
0.03565	0.003618	0.019653
0.0357	0.003599	0.019529
0.03575	0.003658	0.019508
0.0358	0.003618	0.019593
0.03585	0.00357	0.019507
0.0359	0.00363	0.019888
0.03595	0.003604	0.021274
0.036	0.0036	0.021645
0.03605	0.003682	0.021612
0.0361	0.003611	0.021688
0.03615	0.003707	0.021579
0.0362	0.003186	0.021722
0.03625	0.002639	0.021555
0.0363	0.002657	0.021748
0.03635	0.002596	0.021501
0.0364	0.002628	0.021822
0.03645	0.002576	0.021401
0.0365	0.002628	0.022009
0.03655	0.002581	0.021209
0.0366	0.002639	0.035737
0.03665	0.002605	0.046888
0.0367	0.00262	0.047011
0.03675	0.002575	0.048128
0.0368	0.002716	0.047405
0.03685	0.002043	0.048133
0.0369	0.000762	0.047576
0.03695	0.000595	0.048054
0.037	0.000481	0.047483
0.03705	0.00054	0.048101
0.0371	0.000543	0.047354
0.03715	0.0005	0.048245
0.0372	0.00048	0.046784
0.03725	0.000491	0.056858
0.0373	0.000459	0.067503
0.03735	0.000429	0.068149
0.0374	0.000491	0.068855
0.03745	0.000499	0.06858
0.0375	0.000691	0.068785
0.03755	0.002045	0.06865
0.0376	0.00252	0.068655
0.03765	0.002577	0.068692
0.0377	0.002588	0.068464
0.03775	0.002566	0.068785
0.0378	0.002549	0.068194
0.03785	0.002616	0.069372
0.0379	0.002554	0.064057
0.03795	0.002553	0.048917
0.038	0.002573	0.046269
0.03805	0.002581	0.045414
0.0381	0.002512	0.045624
0.03815	0.002569	0.045388
0.0382	0.001954	0.045609
0.03825	0.001635	0.045319
0.0383	0.001619	0.045502
0.03835	0.001518	0.045354
0.0384	0.001575	0.045465
0.03845	0.001475	0.045381
0.0385	0.001493	0.045447
0.03855	0.0015	0.045891
0.0386	0.001545	0.054
0.03865	0.001519	0.057505
0.0387	0.001527	0.057765
0.03875	0.00155	0.057893
0.0388	0.001597	0.057856
0.03885	0.001574	0.05787
0.0389	0.001546	0.0579
0.03895	0.001503	0.05781
0.039	0.001474	0.057992
0.03905	0.001548	0.057704
0.0391	0.001434	0.058073
0.03915	0.001518	0.057551
0.0392	0.001516	0.058281
0.03925	0.001461	0.051615
0.0393	0.001446	0.044893
0.03935	0.001457	0.044675
0.0394	0.001483	0.044088
0.03945	0.001472	0.044328
0.0395	0.001535	0.044109
0.03955	0.001519	0.044249
0.0396	0.001515	0.044132
0.03965	0.001516	0.044186
0.0397	0.001522	0.044176
0.03975	0.001546	0.044071
0.0398	0.001464	0.044338
0.03985	0.001467	0.043916
0.0399	0.001508	0.046594
0.03995	0.001582	0.050911
0.04	0.001533	0.05125
0.04005	0.001545	0.051557
0.0401	0.001474	0.051413
0.04015	0.001423	0.051468
0.0402	0.00077	0.05139
0.04025	0.000561	0.051452
0.0403	0.000547	0.051424
0.04035	0.000495	0.051412
0.0404	0.000454	0.051471
0.04045	0.000469	0.051299
0.0405	0.000402	0.051733
0.04055	0.000481	0.049281
0.0406	0.000489	0.033198
0.04065	0.000496	0.027909
0.0407	0.000489	0.027417
0.04075	0.00051	0.02726
0.0408	0.000367	0.027274
0.04085	0.001274	0.027273
0.0409	0.002405	0.027167
0.04095	0.002507	0.027281
0.041	0.002564	0.027107
0.04105	0.002503	0.027215
0.0411	0.002531	0.027069
0.04115	0.002528	0.027266
0.0412	0.002558	0.027712
0.04125	0.002609	0.043499
0.0413	0.002625	0.051553
0.04135	0.002594	0.051816
0.0414	0.00259	0.05245
0.04145	0.00265	0.052141
0.0415	0.002241	0.052271
0.04155	0.001593	0.052295
0.0416	0.001582	0.052296
0.04165	0.001522	0.052403
0.0417	0.001485	0.052162
0.04175	0.001519	0.052444
0.0418	0.0015	0.051964
0.04185	0.001493	0.052691
0.0419	0.00153	0.046738
0.04195	0.001494	0.039499
0.042	0.001512	0.039137
0.04205	0.001452	0.038509
0.0421	0.001578	0.038757
0.04215	0.001248	0.038557
0.0422	-0.000769	0.03872
0.04225	-0.001363	0.03862
0.0423	-0.001402	0.038634
0.04235	-0.001476	0.038583
0.0424	-0.001446	0.038492
0.04245	-0.001444	0.038777
0.0425	-0.001463	0.038291
0.04255	-0.001418	0.041097
0.0426	-0.0015	0.054991
0.04265	-0.001442	0.058802
0.0427	-0.001478	0.059322
0.04275	-0.001444	0.059397
0.0428	-0.001427	0.059393
0.04285	-0.000908	0.059327
0.0429	-0.000455	0.059452
0.04295	-0.000392	0.059427
0.043	-0.000378	0.059418
0.04305	-0.000414	0.059325
0.0431	-0.000352	0.059397
0.04315	-0.000455	0.05947
0.0432	-0.000463	0.058083
0.04325	-0.00041	0.041083
0.0433	-0.0004	0.034029
0.04335	-0.000378	0.033584
0.0434	-0.000443	0.033122
0.04345	-0.000367	0.033272
0.0435	-0.000721	0.033183
0.04355	-0.001343	0.03314
0.0436	-0.001328	0.03319
0.04365	-0.001453	0.03311
0.0437	-0.001475	0.033197
0.04375	-0.001422	0.032929
0.0438	-0.001378	0.033414
0.04385	-0.001359	0.032692
0.0439	-0.00142	0.040136
0.04395	-0.00146	0.047117
0.044	-0.001503	0.047322
0.04405	-0.001457	0.047982
0.0441	-0.001504	0.047557
0.04415	-0.001209	0.047842
0.0442	-0.000548	0.047644
0.04425	-0.000463	0.047756
0.0443	-0.000439	0.04769
0.04435	-0.000476	0.047788
0.0444	-0.000433	0.047731
0.04445	-0.000425	0.047657
0.0445	-0.000366	0.047797
0.04455	-0.000382	0.046888
0.0446	-0.000417	0.044894
0.04465	-0.000459	0.044723
0.0447	-0.000443	0.044563
0.04475	-0.000428	0.044594
0.0448	-0.000358	0.044428
0.04485	0.000236	0.044561
0.0449	0.00048	0.044487
0.04495	0.000502	0.044587
0.045	0.00051	0.044601
0.04505	0.000477	0.044587
0.0451	0.000542	0.044412
0.04515	0.0005	0.044715
0.0452	0.00044	0.043127
0.04525	0.00048	0.031423
0.0453	0.00048	0.027193
0.04535	0.000522	0.026849
0.0454	0.0005	0.02662
0.04545	0.000455	0.026628
0.0455	2.47E-05	0.026528
0.04555	-0.000355	0.026568
0.0456	-0.000424	0.026581
0.04565	-0.000462	0.026635
0.0457	-0.000454	0.026685
0.04575	-0.000399	0.026582
0.0458	-0.000437	0.026574
0.04585	-0.000393	0.026778
0.0459	-0.000404	0.033815
0.04595	-0.000414	0.037858
0.046	-0.000372	0.037823
0.04605	-0.000448	0.038333
0.0461	-0.000436	0.03796
0.04615	-0.000415	0.038351
0.0462	-0.000389	0.037951
0.04625	-0.000448	0.038377
0.0463	-0.000451	0.037849
0.04635	-0.000393	0.038495
0.0464	-0.000436	0.037705
0.04645	-0.00041	0.038772
0.0465	-0.000429	0.037006
0.04655	-0.000376	0.047607
0.0466	-0.000409	0.060508
0.04665	-0.000415	0.061351
0.0467	-0.000376	0.062209
0.04675	-0.000494	0.06192
0.0468	-6.03E-05	0.062068
0.04685	0.001995	0.062117
0.0469	0.002512	0.061954
0.04695	0.002562	0.062227
0.047	0.002514	0.061735
0.04705	0.00259	0.062434
0.0471	0.002576	0.061315
0.04715	0.002555	0.0634
0.0472	0.002538	0.053523
0.04725	0.002616	0.021871
0.0473	0.002487	0.015401
0.04735	0.002649	0.013905
0.0474	0.002473	0.014105
0.04745	0.002713	0.013715
0.0475	0.000768	0.013953
0.04755	-0.001204	0.013712
0.0476	-0.001335	0.013839
0.04765	-0.001494	0.013739
0.0477	-0.001408	0.013763
0.04775	-0.001467	0.013945
0.0478	-0.001381	0.013312
0.04785	-0.001498	0.016736
0.0479	-0.001442	0.041035
0.04795	-0.001456	0.049444
0.048	-0.001426	0.050076
0.04805	-0.001428	0.0504
0.0481	-0.001446	0.050318
0.04815	-0.001039	0.05037
0.0482	-0.000435	0.050397
0.04825	-0.000484	0.050451
0.0483	-0.000378	0.050381
0.04835	-0.000414	0.050374
0.0484	-0.000372	0.050401
0.04845	-0.000378	0.050371
0.0485	-0.00038	0.050463
0.04855	-0.000414	0.047665
0.0486	-0.000407	0.045248
0.04865	-0.000407	0.045288
0.0487	-0.00035	0.044985
0.04875	-0.000428	0.045254
0.0488	-0.00025	0.045006
0.04885	0.000377	0.045296
0.0489	0.000422	0.04493
0.04895	0.000477	0.04525
0.049	0.000473	0.044886
0.04905	0.000533	0.045343
0.0491	0.000476	0.044679
0.04915	0.000504	0.045809
0.0492	0.000526	0.039765
0.04925	0.000496	0.029008
0.0493	0.000484	0.027913
0.04935	0.000495	0.027059
0.0494	0.00043	0.027385
0.04945	0.000467	0.027103
0.0495	-0.00075	0.027347
0.04955	-0.00143	0.027026
0.0496	-0.001387	0.027358
0.04965	-0.001426	0.027034
0.0497	-0.001444	0.027304
0.04975	-0.001442	0.02703
0.0498	-0.001476	0.027208
0.04985	-0.001503	0.028716
0.0499	-0.001461	0.057688
0.04995	-0.001434	0.070924
0.05	-0.001405	0.071576
0.05005	-0.001423	0.072348
0.0501	-0.001413	0.072125
0.05015	-0.000886	0.072223
0.0502	-0.00044	0.07233
0.05025	-0.000439	0.072084
0.0503	-0.000413	0.072447
0.05035	-0.00043	0.071851
0.0504	-0.000463	0.072685
0.05045	-0.000448	0.07145
0.0505	-0.000411	0.072838
0.05055	-0.000424	0.043289
0.0506	-0.000425	0.021547
0.05065	-0.000426	0.021367
0.0507	-0.000419	0.019239
0.05075	-0.000455	0.020317
0.0508	-0.00043	0.019348
0.05085	-0.000391	0.020077
0.0509	-0.000319	0.019397
0.05095	-0.000389	0.019954
0.051	-0.000362	0.019441
0.05105	-0.000348	0.020003
0.0511	-0.000389	0.019466
0.05115	-0.000361	0.020076
0.0512	-0.000424	0.017756
0.05125	-0.000418	0.015875
0.0513	-0.000425	0.01539
0.05135	-0.000381	0.015654
0.0514	-0.000385	0.01532
0.05145	-0.000657	0.015678
0.0515	-0.003533	0.015227
0.05155	-0.004492	0.015757
0.0516	-0.004587	0.015079
0.05165	-0.004689	0.015963
0.0517	-0.004656	0.014785
0.05175	-0.004687	0.016458
0.0518	-0.004658	0.013438
0.05185	-0.004686	0.027382
0.0519	-0.004719	0.060904
0.05195	-0.004693	0.066048
0.052	-0.004634	0.067989
0.05205	-0.004572	0.067383
0.0521	-0.004743	0.068037
0.05215	-0.003632	0.067475
0.0522	-0.002613	0.067954
0.05225	-0.002586	0.067558
0.0523	-0.00245	0.067917
0.05235	-0.002529	0.06766
0.0524	-0.002477	0.0679
0.05245	-0.002509	0.067662
0.0525	-0.00255	0.066907
0.05255	-0.002509	0.053439
0.0526	-0.002484	0.04738
0.05265	-0.002549	0.047066
0.0527	-0.002503	0.046671
0.05275	-0.002464	0.046762
0.0528	-0.00248	0.046615
0.05285	-0.002527	0.046712
0.0529	-0.00248	0.046674
0.05295	-0.002468	0.046696
0.053	-0.002433	0.046726
0.05305	-0.002505	0.046575
0.0531	-0.002505	0.046786
0.05315	-0.002483	0.046464
0.0532	-0.002476	0.050932
0.05325	-0.00254	0.054705
0.0533	-0.002554	0.05472
0.05335	-0.002444	0.055056
0.0534	-0.002536	0.054862
0.05345	-0.002491	0.055024
0.0535	-0.002498	0.054854
0.05355	-0.002496	0.054964
0.0536	-0.002448	0.054868
0.05365	-0.002448	0.054982
0.0537	-0.00249	0.054858
0.05375	-0.002469	0.055013
0.0538	-0.002509	0.054617
0.05385	-0.002558	0.055925
0.0539	-0.002503	0.058506
0.05395	-0.002509	0.058864
0.054	-0.002402	0.05899
0.05405	-0.002527	0.059007
0.0541	-0.00248	0.059023
0.05415	-0.003882	0.058965
0.0542	-0.004484	0.059024
0.05425	-0.004642	0.058987
0.0543	-0.004638	0.058922
0.05435	-0.004656	0.058875
0.0544	-0.004623	0.058987
0.05445	-0.004664	0.058898
0.0545	-0.004686	0.058727
0.05455	-0.004695	0.054182
0.0546	-0.004571	0.051802
0.05465	-0.004673	0.051819
0.0547	-0.004571	0.051568
0.05475	-0.004828	0.051685
0.0548	-0.002067	0.051495
0.05485	0.0003	0.051745
0.0549	0.00034	0.05151
0.05495	0.000511	0.051734
0.055	0.000481	0.051513
0.05505	0.000539	0.051857
0.0551	0.000496	0.051243
0.05515	0.000483	0.051768
0.0552	0.000491	0.039105
0.05525	0.000492	0.03026
0.0553	0.000526	0.030168
0.05535	0.000459	0.029321
0.0554	0.000587	0.029784
0.05545	-0.000483	0.029473
0.0555	-0.002198	0.029579
0.05555	-0.002302	0.029339
0.0556	-0.002487	0.029531
0.05565	-0.002411	0.029406
0.0557	-0.002521	0.029558
0.05575	-0.002432	0.029379
0.0558	-0.002481	0.029664
0.05585	-0.002495	0.028224
0.0559	-0.00249	0.025624
0.05595	-0.002446	0.025506
0.056	-0.00245	0.02519
0.05605	-0.002462	0.025396
0.0561	-0.002454	0.025114
0.05615	-0.002431	0.025459
0.0562	-0.00248	0.025026
0.05625	-0.002436	0.025485
0.0563	-0.002443	0.024834
0.05635	-0.002473	0.025673
0.0564	-0.002446	0.024526
0.05645	-0.002442	0.026548
0.0565	-0.002469	0.017173
0.05655	-0.002469	-0.010444
0.0566	-0.002421	-0.015504
0.05665	-0.002506	-0.016921
0.0567	-0.00248	-0.01663
0.05675	-0.002469	-0.017142
0.0568	-0.001795	-0.016722
0.05685	-0.001415	-0.017058
0.0569	-0.001386	-0.01667
0.05695	-0.00136	-0.017034
0.057	-0.001338	-0.016673
0.05705	-0.001387	-0.017106
0.0571	-0.001374	-0.016533
0.05715	-0.001335	-0.017047
0.0572	-0.001353	-0.000838
0.05725	-0.001391	0.009765
0.0573	-0.001345	0.009792
0.05735	-0.001465	0.010855
0.0574	-0.00122	0.010256
0.05745	-0.00254	0.01074
0.0575	-0.004369	0.010328
0.05755	-0.004524	0.010784
0.0576	-0.004653	0.010289
0.05765	-0.004568	0.010834
0.0577	-0.004614	0.010245
0.05775	-0.00466	0.011028
0.0578	-0.004624	0.009872
0.05785	-0.004569	0.019767
0.0579	-0.004656	0.028544
0.05795	-0.004613	0.028963
0.058	-0.004651	0.029561
0.05805	-0.004639	0.029362
0.0581	-0.00459	0.029388
0.05815	-0.004538	0.02939
0.0582	-0.004606	0.029352
0.05825	-0.00461	0.029498
0.0583	-0.004556	0.029248
0.05835	-0.004591	0.029658
0.0584	-0.004636	0.02896
0.05845	-0.004641	0.030268
0.0585	-0.004634	0.02364
0.05855	-0.004575	0.009759
0.0586	-0.004572	0.00812
0.05865	-0.004612	0.007081
0.0587	-0.004579	0.007582
0.05875	-0.004547	0.007152
0.0588	-0.003874	0.007484
0.05885	-0.003434	0.007174
0.0589	-0.00346	0.007445
0.05895	-0.003429	0.007186
0.059	-0.003431	0.007469
0.05905	-0.003479	0.007094
0.0591	-0.003388	0.007825
0.05915	-0.003462	0.00412
0.0592	-0.003489	-0.020307
0.05925	-0.003464	-0.028574
0.0593	-0.003405	-0.029241
0.05935	-0.003462	-0.029557
0.0594	-0.003407	-0.029554
0.05945	-0.00394	-0.029502
0.0595	-0.004573	-0.029688
0.05955	-0.004573	-0.029554
0.0596	-0.004624	-0.029754
0.05965	-0.004568	-0.029396
0.0597	-0.004595	-0.029886
0.05975	-0.004584	-0.029325
0.0598	-0.00458	-0.028722
0.05985	-0.004564	0.002125
0.0599	-0.00461	0.018585
0.05995	-0.004601	0.019086
0.06	-0.004543	0.020274
0.06005	-0.004606	0.019852
0.0601	-0.004136	0.020108
0.06015	-0.003558	0.020084
0.0602	-0.003483	0.020039
0.06025	-0.00347	0.020235
0.0603	-0.003435	0.019764
0.06035	-0.003426	0.020403
0.0604	-0.003393	0.019413
0.06045	-0.003405	0.021174
0.0605	-0.003418	0.007151
0.06055	-0.003407	-0.009025
0.0606	-0.003466	-0.009611
0.06065	-0.00343	-0.011014
0.0607	-0.00344	-0.010427
0.06075	-0.003545	-0.010962
0.0608	-0.004292	-0.010481
0.06085	-0.004576	-0.010834
0.0609	-0.00462	-0.010611
0.06095	-0.004561	-0.010773
0.061	-0.004593	-0.010716
0.06105	-0.004601	-0.010737
0.0611	-0.004599	-0.010997
0.06115	-0.004588	-0.008761
0.0612	-0.004591	-0.0018
0.06125	-0.00458	-0.000515
0.0613	-0.004579	-6.58E-05
0.06135	-0.004564	-0.000162
0.0614	-0.004499	-8.91E-05
0.06145	-0.004487	-0.000189
0.0615	-0.004519	-0.000114
0.06155	-0.004535	-0.000144
0.0616	-0.004516	-0.00011
0.06165	-0.004569	-9.46E-05
0.0617	-0.004606	-0.000152
0.06175	-0.004597	0.000117
0.0618	-0.004587	-0.000913
0.06185	-0.004599	-0.00788
0.0619	-0.004588	-0.01037
0.06195	-0.004575	-0.010531
0.062	-0.004525	-0.010752
0.06205	-0.004621	-0.010582
0.0621	-0.004089	-0.010771
0.06215	-0.00344	-0.010526
0.0622	-0.003415	-0.010782
0.06225	-0.003361	-0.010518
0.0623	-0.003425	-0.010867
0.06235	-0.003381	-0.010529
0.0624	-0.003446	-0.011034
0.06245	-0.003411	-0.010227
0.0625	-0.003349	-0.018572
0.06255	-0.00339	-0.02562
0.0626	-0.003414	-0.025872
0.06265	-0.0034	-0.026363
0.0627	-0.003385	-0.026149
0.06275	-0.00335	-0.026246
0.0628	-0.00339	-0.026291
0.06285	-0.003408	-0.026249
0.0629	-0.003449	-0.026302
0.06295	-0.003411	-0.02614
0.063	-0.003392	-0.0265
0.06305	-0.003375	-0.025949
0.0631	-0.003408	-0.026923
0.06315	-0.003363	-0.021876
0.0632	-0.003334	-0.010598
0.06325	-0.003379	-0.009141
0.0633	-0.003405	-0.008417
0.06335	-0.003404	-0.008635
0.0634	-0.003401	-0.008378
0.06345	-0.003396	-0.008646
0.0635	-0.003433	-0.008378
0.06355	-0.003407	-0.008552
0.0636	-0.00342	-0.008431
0.06365	-0.003378	-0.008587
0.0637	-0.003348	-0.008413
0.06375	-0.003389	-0.008618
0.0638	-0.0034	-0.007851
0.06385	-0.003297	-0.005052
0.0639	-0.003386	-0.004301
0.06395	-0.003286	-0.004158
0.064	-0.003441	-0.00425
0.06405	-0.003357	-0.004236
0.0641	-0.005166	-0.004274
0.06415	-0.006498	-0.004216
0.0642	-0.006568	-0.004379
0.06425	-0.006715	-0.004199
0.0643	-0.00663	-0.004379
0.06435	-0.006675	-0.004216
0.0644	-0.006653	-0.00444
0.06445	-0.006631	-0.004317
0.0645	-0.006646	-0.01494
0.06455	-0.006602	-0.021508
0.0646	-0.006669	-0.021479
0.06465	-0.006567	-0.022159
0.0647	-0.006757	-0.021817
0.06475	-0.005754	-0.022106
0.0648	-0.003748	-0.021896
0.06485	-0.003455	-0.022152
0.0649	-0.003341	-0.021825
0.06495	-0.003405	-0.022216
0.065	-0.00337	-0.021814
0.06505	-0.00343	-0.022383
0.0651	-0.003337	-0.021456
0.06515	-0.003385	-0.026123
0.0652	-0.003434	-0.032696
0.06525	-0.003379	-0.033212
0.0653	-0.003308	-0.033728
0.06535	-0.003407	-0.033523
0.0654	-0.003342	-0.033626
0.06545	-0.00411	-0.033561
0.0655	-0.004458	-0.033617
0.06555	-0.004519	-0.033464
0.0656	-0.004487	-0.033595
0.06565	-0.004525	-0.033601
0.0657	-0.004539	-0.033627
0.06575	-0.004546	-0.033709
0.0658	-0.004566	-0.033166
0.06585	-0.004538	-0.031727
0.0659	-0.004514	-0.031488
0.06595	-0.004483	-0.031429
0.066	-0.004483	-0.031516
0.06605	-0.004506	-0.031407
0.0661	-0.003896	-0.031428
0.06615	-0.003403	-0.031384
0.0662	-0.003393	-0.031416
0.06625	-0.00329	-0.031435
0.0663	-0.003316	-0.031462
0.06635	-0.003331	-0.03142
0.0664	-0.003345	-0.031247
0.06645	-0.003296	-0.033287
0.0665	-0.003315	-0.055183
0.06655	-0.003389	-0.064083
0.0666	-0.003379	-0.064555
0.06665	-0.003393	-0.06505
0.0667	-0.003375	-0.064851
0.06675	-0.003333	-0.065067
0.0668	-0.003388	-0.064918
0.06685	-0.003378	-0.064996
0.0669	-0.003408	-0.064923
0.06695	-0.003394	-0.064996
0.067	-0.003419	-0.06503
0.06705	-0.00336	-0.064882
0.0671	-0.003394	-0.064982
0.06715	-0.003392	-0.061866
0.0672	-0.003346	-0.05879
0.06725	-0.00336	-0.058897
0.0673	-0.003352	-0.058479
0.06735	-0.00333	-0.058741
0.0674	-0.003239	-0.058516
0.06745	-0.002612	-0.058709
0.0675	-0.002342	-0.058494
0.06755	-0.002321	-0.05878
0.0676	-0.00234	-0.05838
0.06765	-0.002315	-0.058819
0.0677	-0.002333	-0.058165
0.06775	-0.002303	-0.059111
0.0678	-0.002318	-0.053689
0.06785	-0.002333	-0.045925
0.0679	-0.002359	-0.045258
0.06795	-0.002336	-0.044729
0.068	-0.002344	-0.044921
0.06805	-0.002221	-0.044726
0.0681	-0.00155	-0.044841
0.06815	-0.001345	-0.04479
0.0682	-0.001264	-0.044782
0.06825	-0.001205	-0.044857
0.0683	-0.001235	-0.044666
0.06835	-0.001275	-0.045037
0.0684	-0.001265	-0.044271
0.06845	-0.001217	-0.047824
0.0685	-0.001294	-0.063991
0.06855	-0.001269	-0.068151
0.0686	-0.001268	-0.068707
0.06865	-0.001286	-0.06877
0.0687	-0.001278	-0.068937
0.06875	-0.001283	-0.06884
0.0688	-0.001287	-0.068948
0.06885	-0.001293	-0.068778
0.0689	-0.00129	-0.068977
0.06895	-0.001298	-0.068824
0.069	-0.001268	-0.068992
0.06905	-0.001275	-0.068687
0.0691	-0.001323	-0.068841
0.06915	-0.001293	-0.061395
0.0692	-0.001246	-0.056542
0.06925	-0.001322	-0.05644
0.0693	-0.001204	-0.056008
0.06935	-0.0013	-0.056185
0.0694	-0.000934	-0.056007
0.06945	0.000317	-0.056143
0.0695	0.000633	-0.056034
0.06955	0.000631	-0.056117
0.0696	0.000642	-0.0561
0.06965	0.000674	-0.055938
0.0697	0.000717	-0.056114
0.06975	0.000714	-0.055891
0.0698	0.000653	-0.057089
0.06985	0.000631	-0.059733
0.0699	0.000679	-0.060144
0.06995	0.000614	-0.060217
0.07	0.000687	-0.060317
0.07005	0.000514	-0.060268
0.0701	-9.32E-05	-0.060276
0.07015	-0.000186	-0.060139
0.0702	-0.000228	-0.060299
0.07025	-0.000241	-0.060151
0.0703	-0.000182	-0.060397
0.07035	-0.000236	-0.05991
0.0704	-0.000222	-0.060659
0.07045	-0.000225	-0.056987
0.0705	-0.000222	-0.04901
0.07055	-0.000217	-0.047899
0.0706	-0.000284	-0.047431
0.07065	-0.000292	-0.047495
0.0707	-0.000293	-0.047351
0.07075	-0.000827	-0.047439
0.0708	-0.001208	-0.047439
0.07085	-0.00119	-0.047405
0.0709	-0.001219	-0.047464
0.07095	-0.001194	-0.047263
0.071	-0.001213	-0.047629
0.07105	-0.001249	-0.046855
0.0711	-0.001231	-0.05065
0.07115	-0.001248	-0.070408
0.0712	-0.001213	-0.07587
0.07125	-0.001204	-0.076754
0.0713	-0.001249	-0.07679
0.07135	-0.001253	-0.076967
0.0714	-0.001228	-0.076782
0.07145	-0.001223	-0.076993
0.0715	-0.001212	-0.076737
0.07155	-0.001213	-0.077045
0.0716	-0.001272	-0.07659
0.07165	-0.001272	-0.077104
0.0717	-0.001253	-0.076439
0.07175	-0.00122	-0.077225
0.0718	-0.001223	-0.062341
0.07185	-0.001256	-0.051324
0.0719	-0.001287	-0.051102
0.07195	-0.001274	-0.050157
0.072	-0.001305	-0.050613
0.07205	-0.000903	-0.050209
0.0721	0.001016	-0.050453
0.07215	0.001583	-0.050274
0.0722	0.00166	-0.050321
0.07225	0.00172	-0.050337
0.0723	0.001696	-0.050283
0.07235	0.001711	-0.05047
0.0724	0.001634	-0.049871
0.07245	0.001667	-0.053678
0.0725	0.001694	-0.060013
0.07255	0.001682	-0.060399
0.0726	0.001664	-0.060955
0.07265	0.001681	-0.060645
0.0727	0.001671	-0.060897
0.07275	0.001626	-0.06059
0.0728	0.001648	-0.060833
0.07285	0.001685	-0.060601
0.0729	0.001703	-0.06086
0.07295	0.001727	-0.060575
0.073	0.001755	-0.060934
0.07305	0.001683	-0.060221
0.0731	0.001604	-0.063147
0.07315	0.001705	-0.07566
0.0732	0.001688	-0.079052
0.07325	0.001679	-0.079462
0.0733	0.001555	-0.079561
0.07335	0.001816	-0.079491
0.0734	0.000629	-0.079562
0.07345	-0.001009	-0.079477
0.0735	-0.001142	-0.079536
0.07355	-0.0013	-0.079498
0.0736	-0.001239	-0.079565
0.07365	-0.001215	-0.079432
0.0737	-0.001183	-0.079604
0.07375	-0.001305	-0.07978
0.0738	-0.001326	-0.087158
0.07385	-0.001279	-0.090563
0.0739	-0.001313	-0.090795
0.07395	-0.001256	-0.090932
0.074	-0.001269	-0.090946
0.07405	-0.001089	-0.090853
0.0741	-0.000429	-0.091073
0.07415	-0.000307	-0.090797
0.0742	-0.000237	-0.091097
0.07425	-0.000197	-0.090599
0.0743	-0.000237	-0.091261
0.07435	-0.000239	-0.090241
0.0744	-0.000169	-0.091918
0.07445	-0.000214	-0.081939
0.0745	-0.000252	-0.066633
0.07455	-0.000212	-0.065466
0.0746	-0.000245	-0.064271
0.07465	-0.000267	-0.064767
0.0747	-2.47E-05	-0.064272
0.07475	0.001261	-0.064663
0.0748	0.001625	-0.064344
0.07485	0.001677	-0.064583
0.0749	0.001722	-0.064386
0.07495	0.001633	-0.06452
0.075	0.001646	-0.064342
0.07505	0.001686	-0.064537
0.0751	0.001726	-0.064123
0.07515	0.001675	-0.063592
0.0752	0.001677	-0.063428
0.07525	0.001718	-0.063435
0.0753	0.001589	-0.063329
0.07535	0.00169	-0.063398
0.0754	0.000662	-0.063292
0.07545	-0.000112	-0.063341
0.0755	-0.000104	-0.063326
0.07555	-0.000237	-0.063324
0.0756	-0.000281	-0.06318
0.07565	-0.000273	-0.063223
0.0757	-0.000267	-0.063444
0.07575	-0.000282	-0.06085
0.0758	-0.000245	-0.030585
0.07585	-0.000243	-0.018315
0.0759	-0.000285	-0.017505
0.07595	-0.000276	-0.016925
0.076	-0.000265	-0.016965
0.07605	-0.000222	-0.016998
0.0761	-0.000178	-0.01687
0.07615	-0.000255	-0.017188
0.0762	-0.00018	-0.016639
0.07625	-0.00027	-0.017431
0.0763	-0.000243	-0.016352
0.07635	-0.000225	-0.017871
0.0764	-0.000247	-0.015184
0.07645	-0.000225	-0.03304
0.0765	-0.000217	-0.056303
0.07655	-0.000255	-0.057501
0.0766	-0.000159	-0.059448
0.07665	-0.000243	-0.058464
0.0767	-9.60E-06	-0.059319
0.07675	0.000557	-0.058627
0.0768	0.000642	-0.059218
0.07685	0.000655	-0.058756
0.0769	0.000628	-0.059168
0.07695	0.000668	-0.05875
0.077	0.000713	-0.059171
0.07705	0.000659	-0.058591
0.0771	0.000695	-0.060319
0.07715	0.000579	-0.063457
0.0772	0.000639	-0.063988
0.07725	0.000624	-0.064045
0.0773	0.000595	-0.064117
0.07735	0.000712	-0.064079
0.0774	0.001324	-0.064076
0.07745	0.00166	-0.064137
0.0775	0.001692	-0.064069
0.07755	0.001715	-0.064014
0.0776	0.00171	-0.064119
0.07765	0.00164	-0.064016
0.0777	0.001645	-0.064146
0.07775	0.00166	-0.063395
0.0778	0.001701	-0.058623
0.07785	0.001682	-0.056935
0.0779	0.001764	-0.05675
0.07795	0.001626	-0.056682
0.078	0.0018	-0.056687
0.07805	0.000188	-0.056607
0.0781	-0.001128	-0.056614
0.07815	-0.001142	-0.056679
0.0782	-0.001248	-0.056658
0.07825	-0.001208	-0.056603
0.0783	-0.001264	-0.056655
0.07835	-0.001298	-0.056573
0.0784	-0.001249	-0.056487
0.07845	-0.001367	-0.055228
0.0785	-0.001182	-0.054535
0.07855	-0.001379	-0.054505
0.0786	-0.001104	-0.054407
0.07865	-0.001597	-0.054381
0.0787	0.001257	-0.054424
0.07875	0.005377	-0.054429
0.0788	0.00571	-0.054355
0.07885	0.006007	-0.054463
0.0789	0.005855	-0.054319
0.07895	0.005973	-0.054413
0.079	0.005926	-0.054229
0.07905	0.006042	-0.054481
0.0791	0.005906	-0.052957
0.07915	0.005885	-0.050463
0.0792	0.005876	-0.050267
0.07925	0.005883	-0.050076
0.0793	0.00587	-0.050166
0.07935	0.005759	-0.049972
0.0794	0.003637	-0.05014
0.07945	0.002868	-0.049933
0.0795	0.002739	-0.0502
0.07955	0.002692	-0.049868
0.0796	0.002713	-0.050242
0.07965	0.002658	-0.049682
0.0797	0.002703	-0.050665
0.07975	0.002701	-0.046142
0.0798	0.002731	-0.036939
0.07985	0.002706	-0.035772
0.0799	0.002709	-0.035243
0.07995	0.002662	-0.03542
0.08	0.002766	-0.03518
0.08005	0.0034	-0.035372
0.0801	0.003741	-0.035198
0.08015	0.003741	-0.035349
0.0802	0.003793	-0.035135
0.08025	0.003729	-0.035357
0.0803	0.003741	-0.035146
0.08035	0.003766	-0.035523
0.0804	0.003723	-0.034044
0.08045	0.003726	-0.027654
0.0805	0.003706	-0.025909
0.08055	0.003769	-0.025677
0.0806	0.003733	-0.025703
0.08065	0.003851	-0.02562
0.0807	0.003116	-0.025718
0.08075	0.001899	-0.02562
0.0808	0.00177	-0.025737
0.08085	0.001682	-0.025585
0.0809	0.001701	-0.025799
0.08095	0.001683	-0.025552
0.081	0.001678	-0.025776
0.08105	0.001652	-0.025252
0.0811	0.001656	-0.028701
0.08115	0.001674	-0.032636
0.0812	0.001642	-0.032806
0.08125	0.001627	-0.033183
0.0813	0.001648	-0.032968
0.08135	0.001648	-0.033105
0.0814	0.001703	-0.033025
0.08145	0.001668	-0.033057
0.0815	0.001653	-0.032962
0.08155	0.001666	-0.033055
0.0816	0.001656	-0.033016
0.08165	0.001638	-0.033073
0.0817	0.001646	-0.032991
0.08175	0.001677	-0.032988
0.0818	0.001673	-0.032969
0.08185	0.00166	-0.032955
0.0819	0.001664	-0.033024
0.08195	0.00166	-0.032951
0.082	0.001667	-0.032972
0.08205	0.001648	-0.032935
0.0821	0.00167	-0.033042
0.08215	0.001652	-0.033032
0.0822	0.001612	-0.033044
0.08225	0.001633	-0.032965
0.0823	0.001633	-0.03308
0.08235	0.001612	-0.03278
0.0824	0.001635	-0.034322
0.08245	0.001648	-0.041977
0.0825	0.001618	-0.044029
0.08255	0.001631	-0.044371
0.0826	0.001556	-0.04438
0.08265	0.00166	-0.044471
0.0827	0.00119	-0.044282
0.08275	0.000677	-0.04452
0.0828	0.000672	-0.044305
0.08285	0.000607	-0.044533
0.0829	0.000625	-0.044099
0.08295	0.000552	-0.044583
0.083	0.000587	-0.044002
0.08305	0.000602	-0.044249
0.0831	0.000644	-0.026656
0.08315	0.000606	-0.015835
0.0832	0.000629	-0.015568
0.08325	0.000657	-0.014669
0.0833	0.000576	-0.015083
0.08335	0.000677	-0.014821
0.0834	0.001433	-0.015007
0.08345	0.00166	-0.01487
0.0835	0.001645	-0.014932
0.08355	0.001664	-0.01501
0.0836	0.00159	-0.014774
0.08365	0.001642	-0.015106
0.0837	0.001648	-0.014462
0.08375	0.001638	-0.019387
0.0838	0.00163	-0.025765
0.08385	0.001666	-0.026082
0.0839	0.001642	-0.026655
0.08395	0.001635	-0.026363
0.084	0.001608	-0.026622
0.08405	0.001646	-0.0264
0.0841	0.00167	-0.026575
0.08415	0.001668	-0.026453
0.0842	0.001651	-0.026546
0.08425	0.001685	-0.02642
0.0843	0.001585	-0.026467
0.08435	0.001594	-0.026474
0.0844	0.001579	-0.026254
0.08445	0.001627	-0.024712
0.0845	0.001556	-0.024416
0.08455	0.001626	-0.024313
0.0846	0.001633	-0.02434
0.08465	0.001657	-0.024257
0.0847	0.001115	-0.024336
0.08475	0.000702	-0.024217
0.0848	0.000646	-0.024343
0.08485	0.000542	-0.02428
0.0849	0.000617	-0.024306
0.08495	0.000651	-0.024153
0.085	0.00062	-0.024642
0.08505	0.000642	-0.021947
0.0851	0.000588	-0.00323
0.08515	0.000647	0.003275
0.0852	0.0006	0.003832
0.08525	0.000674	0.004157
0.0853	0.000495	0.004157
0.08535	0.001335	0.004169
0.0854	0.003287	0.00415
0.08545	0.003595	0.004162
0.0855	0.003669	0.004129
0.08555	0.00366	0.004067
0.0856	0.003706	0.004135
0.08565	0.003681	0.004066
0.0857	0.003664	0.004247
0.08575	0.00368	0.002291
0.0858	0.003681	0.000141
0.08585	0.00373	0.000129
0.0859	0.003658	-0.000236
0.08595	0.003733	-2.06E-05
0.086	0.003377	-0.000148
0.08605	0.001991	-2.19E-05
0.0861	0.001663	-0.000229
0.08615	0.001633	-9.60E-05
0.0862	0.001734	-0.000328
0.08625	0.001586	2.47E-05
0.0863	0.001638	-0.000347
0.08635	0.001625	0.000362
0.0864	0.001604	-0.003126
0.08645	0.001644	-0.008711
0.0865	0.001667	-0.00925
0.08655	0.001597	-0.009744
0.0866	0.001615	-0.00955
0.08665	0.001793	-0.009677
0.0867	0.003984	-0.009477
0.08675	0.004795	-0.009585
0.0868	0.004837	-0.009509
0.08685	0.004879	-0.00965
0.0869	0.004828	-0.00955
0.08695	0.004831	-0.009532
0.087	0.004828	-0.009547
0.08705	0.004839	-0.00903
0.0871	0.004854	-0.001375
0.08715	0.004812	0.001652
0.0872	0.004845	0.001871
0.08725	0.004795	0.001989
0.0873	0.004875	0.0021
0.08735	0.003725	0.001956
0.0874	0.002764	0.002129
0.08745	0.002735	0.001906
0.0875	0.002634	0.002218
0.08755	0.002706	0.001726
0.0876	0.002617	0.002358
0.08765	0.002638	0.001611
0.0877	0.002646	0.002052
0.08775	0.00268	-0.019042
0.0878	0.002635	-0.031424
0.08785	0.002713	-0.031917
0.0879	0.002629	-0.032659
0.08795	0.00274	-0.03268
0.088	0.001941	-0.032538
0.08805	0.000758	-0.032917
0.0881	0.000644	-0.032366
0.08815	0.000565	-0.033112
0.0882	0.000589	-0.031985
0.08825	0.000589	-0.033642
0.0883	0.000603	-0.031242
0.08835	0.000589	-0.035391
0.0884	0.000625	-0.008243
0.08845	0.000631	0.027299
0.0885	0.000599	0.029366
0.08855	0.000628	0.032198
0.0886	0.000617	0.030984
0.08865	0.000588	0.032082
0.0887	0.000558	0.031274
0.08875	0.000589	0.031815
0.0888	0.000599	0.031414
0.08885	0.000659	0.031604
0.0889	0.000603	0.031617
0.08895	0.000611	0.031383
0.089	0.000596	0.032222
0.08905	0.00058	0.02725
0.0891	0.00052	0.011129
0.08915	0.000602	0.008117
0.0892	0.000598	0.007203
0.08925	0.000573	0.007469
0.0893	0.00057	0.007167
0.08935	0.001929	0.007395
0.0894	0.002595	0.007144
0.08945	0.002642	0.007326
0.0895	0.002701	0.00719
0.08955	0.002653	0.007259
0.0896	0.002661	0.007207
0.08965	0.002607	0.007356
0.0897	0.002587	0.006983
0.08975	0.00269	0.004838
0.0898	0.002666	0.004288
0.08985	0.002655	0.004111
0.0899	0.002628	0.00414
0.08995	0.002647	0.004181
0.09	0.002668	0.004163
0.09005	0.002658	0.004062
0.0901	0.002664	0.004185
0.09015	0.002673	0.003984
0.0902	0.002701	0.004248
0.09025	0.002709	0.00393
0.0903	0.002702	0.004355
0.09035	0.002647	0.003947
0.0904	0.002684	0.013849
0.09045	0.002651	0.020539
0.0905	0.002595	0.020719
0.09055	0.002646	0.021204
0.0906	0.002638	0.020935
0.09065	0.002891	0.021124
0.0907	0.003571	0.02099
0.09075	0.003642	0.020991
0.0908	0.003682	0.021142
0.09085	0.0036	0.020935
0.0909	0.003677	0.021183
0.09095	0.003673	0.020768
0.091	0.003596	0.021648
0.09105	0.003662	0.016471
0.0911	0.003653	0.00829
0.09115	0.003656	0.007722
0.0912	0.003699	0.007037
0.09125	0.003712	0.007295
0.0913	0.003777	0.00709
0.09135	0.00452	0.007263
0.0914	0.004813	0.007122
0.09145	0.004864	0.007271
0.0915	0.004838	0.007178
0.09155	0.004896	0.007186
0.0916	0.004779	0.007184
0.09165	0.004848	0.007067
0.0917	0.004838	0.008863
0.09175	0.004826	0.02489
0.0918	0.004745	0.030778
0.09185	0.004826	0.031151
0.0919	0.00476	0.031477
0.09195	0.004967	0.031423
0.092	0.003433	0.031349
0.09205	0.001804	0.031427
0.0921	0.001718	0.031327
0.09215	0.00154	0.031482
0.0922	0.001605	0.031285
0.09225	0.001594	0.031508
0.0923	0.001627	0.031295
0.09235	0.001511	0.030947
0.0924	0.0016	0.013821
0.09245	0.001557	0.004827
0.0925	0.001572	0.004458
0.09255	0.00163	0.003877
0.0926	0.001567	0.004137
0.09265	0.001923	0.003981
0.0927	0.002524	0.004014
0.09275	0.002557	0.003965
0.0928	0.002653	0.00381
0.09285	0.002613	0.004157
0.0929	0.002646	0.003751
0.09295	0.002603	0.004402
0.093	0.002642	0.003076
0.09305	0.002662	0.010058
0.0931	0.002605	0.022917
0.09315	0.002606	0.024394
0.0932	0.002599	0.02517
0.09325	0.002638	0.024905
0.0933	0.002466	0.025199
0.09335	0.0018	0.025001
0.0934	0.001619	0.02503
0.09345	0.001541	0.025014
0.0935	0.001527	0.024918
0.09355	0.001568	0.02517
0.0936	0.001627	0.024683
0.09365	0.001483	0.025735
0.0937	0.001566	0.020546
0.09375	0.00156	0.009251
0.0938	0.001526	0.007783
0.09385	0.001515	0.007015
0.0939	0.001607	0.007223
0.09395	0.001581	0.006959
0.094	0.002801	0.007266
0.09405	0.00351	0.006959
0.0941	0.003595	0.007164
0.09415	0.003658	0.006975
0.0942	0.003608	0.007126
0.09425	0.003644	0.006968
0.0943	0.003623	0.007114
0.09435	0.003649	0.007366
0.0944	0.003625	0.017354
0.09445	0.003688	0.022591
0.0945	0.003616	0.022646
0.09455	0.003588	0.023155
0.0946	0.003736	0.022849
0.09465	0.00322	0.023198
0.0947	0.002709	0.022856
0.09475	0.002665	0.023185
0.0948	0.002601	0.022683
0.09485	0.002586	0.023233
0.0949	0.002529	0.022631
0.09495	0.002644	0.02341
0.095	0.002584	0.02234
0.09505	0.002606	0.034373
0.0951	0.002549	0.043932
0.09515	0.002644	0.044346
0.0952	0.002575	0.0449
0.09525	0.002731	0.044808
0.0953	0.001795	0.044877
0.09535	-3.15E-05	0.044908
0.0954	-0.000169	0.044656
0.09545	-0.000373	0.045049
0.0955	-0.000352	0.044408
0.09555	-0.000388	0.045354
0.0956	-0.000348	0.043988
0.09565	-0.000359	0.046507
0.0957	-0.000347	0.033639
0.09575	-0.000391	0.009018
0.0958	-0.000284	0.006236
0.09585	-0.000303	0.004632
0.0959	-0.000333	0.005129
0.09595	-9.32E-05	0.004588
0.096	0.001795	0.00492
0.09605	0.002576	0.004697
0.0961	0.00258	0.004858
0.09615	0.002596	0.004786
0.0962	0.002566	0.004689
0.09625	0.00257	0.005046
0.0963	0.002616	0.004158
0.09635	0.002636	0.00877
0.0964	0.002591	0.033413
0.09645	0.002577	0.040582
0.0965	0.002594	0.041405
0.09655	0.002624	0.041678
0.0966	0.002636	0.041577
0.09665	0.002651	0.04171
0.0967	0.002631	0.041634
0.09675	0.002577	0.041715
0.0968	0.002587	0.041551
0.09685	0.002617	0.041636
0.0969	0.00251	0.041434
0.09695	0.00261	0.041735
0.097	0.002555	0.041545
0.09705	0.002595	0.051332
0.0971	0.002531	0.057786
0.09715	0.00264	0.05784
0.0972	0.002479	0.058464
0.09725	0.002788	0.058051
0.0973	0.001379	0.058395
0.09735	-0.001045	0.058087
0.0974	-0.001248	0.058365
0.09745	-0.001405	0.058033
0.0975	-0.001359	0.058366
0.09755	-0.001427	0.057983
0.0976	-0.001404	0.058449
0.09765	-0.001441	0.057629
0.0977	-0.001393	0.064312
0.09775	-0.001431	0.071123
0.0978	-0.001476	0.071459
0.09785	-0.001382	0.072008
0.0979	-0.001449	0.071735
0.09795	-0.001102	0.071929
0.098	0.000189	0.071761
0.09805	0.000469	0.071883
0.0981	0.000574	0.07174
0.09815	0.000542	0.071772
0.0982	0.000502	0.071831
0.09825	0.0005	0.07179
0.0983	0.000461	0.071874
0.09835	0.00048	0.070807
0.0984	0.000472	0.068112
0.09845	0.000498	0.067716
0.0985	0.000463	0.067445
0.09855	0.00054	0.067631
0.0986	0.000432	0.067458
0.09865	0.001527	0.067517
0.0987	0.002507	0.067403
0.09875	0.002573	0.067442
0.0988	0.00261	0.067306
0.09885	0.002595	0.067465
0.0989	0.002583	0.067303
0.09895	0.002609	0.067737
0.099	0.002639	0.064878
0.09905	0.002531	0.045461
0.0991	0.002527	0.038919
0.09915	0.002542	0.038269
0.0992	0.002586	0.038088
0.09925	0.002661	0.038018
0.0993	0.00214	0.03808
0.09935	0.001596	0.037906
0.0994	0.001581	0.038087
0.09945	0.001527	0.037829
0.0995	0.001552	0.038165
0.09955	0.001508	0.037753
0.0996	0.001585	0.038373
0.09965	0.001564	0.037625
0.0997	0.001501	0.052825
0.09975	0.001471	0.063223
0.0998	0.001561	0.063559
0.09985	0.001504	0.064257
0.0999	0.001526	0.063988
0.09995	0.00157	0.064052
