0.00E+00	0.003688	-0.092392
5.00E-05	0.003696	-0.092081
1.00E-04	0.003704	-0.092503
0.00015		0.003652	-0.091938
0.0002		0.003692	-0.092538
0.00025		0.003706	-0.091733
0.0003		0.003677	-0.092862
0.00035		0.003644	-0.091327
0.0004		0.003719	-0.093778
0.00045		0.003692	-0.076905
0.0005		0.003692	-0.055733
0.00055		0.0037	-0.05458
0.0006		0.003688	-0.052803
0.00065		0.003686	-0.053659
0.0007		0.003686	-0.052957
0.00075		0.003655	-0.053501
0.0008		0.003653	-0.053014
0.00085		0.003662	-0.053409
0.0009		0.003704	-0.053095
0.00095		0.003578	-0.053376
0.001		0.003722	-0.053123
0.00105		0.003651	-0.053254
0.0011		0.003793	-0.053379
0.00115		0.002649	-0.054119
0.0012		0.000866	-0.05408
0.00125		0.000666	-0.05417
0.0013		0.000536	-0.054123
0.00135		0.000589	-0.054196
0.0014		0.000525	-0.054121
0.00145		0.000565	-0.054207
0.0015		0.000599	-0.054117
0.00155		0.000585	-0.054211
0.0016		0.000557	-0.054106
0.00165		0.000566	-0.054178
0.0017		0.000596	-0.054001
0.00175		0.00062	-0.054579
0.0018		0.000781	-0.058066
0.00185		0.001386	-0.059274
0.0019		0.001542	-0.059381
0.00195		0.001605	-0.059493
0.002		0.001611	-0.059363
0.00205		0.001564	-0.059401
0.0021		0.001588	-0.059314
0.00215		0.001627	-0.059458
0.0022		0.00167	-0.059373
0.00225		0.001593	-0.05946
0.0023		0.001535	-0.059204
0.00235		0.001612	-0.059477
0.0024		0.001535	-0.059163
0.00245		0.001579	-0.063452
0.0025		0.001041	-0.066261
0.00255		0.000613	-0.066497
0.0026		0.000609	-0.066542
0.00265		0.000565	-0.066644
0.0027		0.00058	-0.066518
0.00275		0.000573	-0.066734
0.0028		0.00057	-0.066388
0.00285		0.000544	-0.066793
0.0029		0.000531	-0.066148
0.00295		0.000584	-0.067018
0.003		0.000618	-0.065817
0.00305		0.000554	-0.067893
0.0031		0.000613	-0.056113
0.00315		0.00061	-0.036779
0.0032		0.000526	-0.035087
0.00325		0.000543	-0.033683
0.0033		0.000562	-0.034247
0.00335		0.000542	-0.03369
0.0034		0.00057	-0.034175
0.00345		0.000561	-0.033797
0.0035		0.000598	-0.03403
0.00355		0.000611	-0.033837
0.0036		0.000562	-0.034066
0.00365		0.000515	-0.033879
0.0037		0.000568	-0.033904
0.00375		0.000618	-0.034166
0.0038		0.000589	-0.038997
0.00385		0.000588	-0.040996
0.0039		0.000607	-0.041101
0.00395		0.000526	-0.041131
0.004		0.000589	-0.041103
0.00405		0.000584	-0.041166
0.0041		0.000618	-0.041155
0.00415		0.000537	-0.041152
0.0042		0.000589	-0.041104
0.00425		0.000574	-0.041204
0.0043		0.000579	-0.041124
0.00435		0.000569	-0.041377
0.0044		0.000613	-0.039678
0.00445		0.000788	-0.022821
0.0045		0.003488	-0.015441
0.00455		0.004758	-0.01531
0.0046		0.004753	-0.014567
0.00465		0.004837	-0.015109
0.0047		0.004741	-0.014592
0.00475		0.004801	-0.015147
0.0048		0.004827	-0.014501
0.00485		0.004872	-0.015238
0.0049		0.004821	-0.014366
0.00495		0.004863	-0.015399
0.005		0.004819	-0.013959
0.00505		0.004968	-0.016259
0.0051		0.004808	0.002277
0.00515		0.005713	0.020269
0.0052		0.006781	0.021116
0.00525		0.006855	0.022362
0.0053		0.006927	0.021932
0.00535		0.006874	0.022162
0.0054		0.006897	0.02222
0.00545		0.006848	0.021947
0.0055		0.006924	0.022391
0.00555		0.006896	0.02171
0.0056		0.006918	0.022774
0.00565		0.006944	0.021042
0.0057		0.006919	0.024331
0.00575		0.00697	0.007884
0.0058		0.006563	-0.028091
0.00585		0.005961	-0.032817
0.0059		0.00588	-0.035079
0.00595		0.005807	-0.034278
0.006		0.005813	-0.035069
0.00605		0.005843	-0.034496
0.0061		0.005909	-0.034983
0.00615		0.005824	-0.034607
0.0062		0.005843	-0.03488
0.00625		0.00577	-0.034684
0.0063		0.005767	-0.034676
0.00635		0.005729	-0.035132
0.0064		0.005867	-0.03097
0.00645		0.005429	0.003996
0.0065		0.003282	0.016378
0.00655		0.002731	0.017405
0.0066		0.002621	0.017888
0.00665		0.002613	0.017941
0.0067		0.002568	0.017912
0.00675		0.002688	0.018051
0.0068		0.002587	0.017782
0.00685		0.002569	0.018108
0.0069		0.002662	0.017611
0.00695		0.002594	0.018336
0.007		0.002592	0.017291
0.00705		0.002646	0.019016
0.0071		0.002655	0.006534
0.00715		0.003197	-0.007049
0.0072		0.003604	-0.007776
0.00725		0.003593	-0.008704
0.0073		0.003636	-0.00832
0.00735		0.003597	-0.008496
0.0074		0.003605	-0.008594
0.00745		0.003579	-0.00839
0.0075		0.003584	-0.008818
0.00755		0.003625	-0.00829
0.0076		0.003632	-0.009097
0.00765		0.0036	-0.007689
0.0077		0.003653	-0.010265
0.00775		0.00359	0.003866
0.0078		0.004769	0.027892
0.00785		0.005733	0.030161
0.0079		0.005671	0.031856
0.00795		0.005725	0.03121
0.008		0.005802	0.031698
0.00805		0.005861	0.031355
0.0081		0.005777	0.031636
0.00815		0.00573	0.031472
0.0082		0.005826	0.031538
0.00825		0.005785	0.031588
0.0083		0.005798	0.031209
0.00835		0.005713	0.032086
0.0084		0.005909	0.027679
0.00845		0.00507	0.01461
0.0085		0.002251	0.012282
0.00855		0.001593	0.011559
0.0086		0.001483	0.011702
0.00865		0.001548	0.011557
0.0087		0.001472	0.011717
0.00875		0.0015	0.011565
0.0088		0.001501	0.011588
0.00885		0.001531	0.011597
0.0089		0.001479	0.011618
0.00895		0.001476	0.01159
0.009		0.001504	0.011538
0.00905		0.001515	0.010708
0.0091		0.001605	-0.002251
0.00915		0.002945	-0.007994
0.0092		0.003559	-0.008284
0.00925		0.003563	-0.008696
0.0093		0.00361	-0.00866
0.00935		0.003562	-0.008624
0.0094		0.0036	-0.008627
0.00945		0.003605	-0.008508
0.0095		0.00359	-0.008724
0.00955		0.0036	-0.00842
0.0096		0.003581	-0.008966
0.00965		0.003577	-0.008197
0.0097		0.0036	-0.0095
0.00975		0.003648	-0.001121
0.0098		0.003601	0.011902
0.00985		0.003567	0.012791
0.0099		0.003604	0.013981
0.00995		0.003626	0.013383
0.01		0.003562	0.013983
0.01005		0.003568	0.013381
0.0101		0.003526	0.013861
0.01015		0.003582	0.013322
0.0102		0.003544	0.013941
0.01025		0.003644	0.013194
0.0103		0.003523	0.014188
0.01035		0.003619	0.012566
0.0104		0.003519	0.019922
0.01045		0.004292	0.0373
0.0105		0.005588	0.040039
0.01055		0.005719	0.040968
0.0106		0.005806	0.040649
0.01065		0.005761	0.040957
0.0107		0.005765	0.040717
0.01075		0.005729	0.040913
0.0108		0.005744	0.040806
0.01085		0.005836	0.040975
0.0109		0.005799	0.040757
0.01095		0.005784	0.040846
0.011		0.005773	0.040865
0.01105		0.005787	0.040328
0.0111		0.005706	0.03212
0.01115		0.004937	0.028604
0.0112		0.004794	0.028424
0.01125		0.004723	0.028239
0.0113		0.00476	0.028254
0.01135		0.004756	0.028287
0.0114		0.004767	0.028138
0.01145		0.004749	0.028239
0.0115		0.004754	0.028169
0.01155		0.004741	0.028315
0.0116		0.004706	0.028021
0.01165		0.004689	0.028354
0.0117		0.004772	0.028212
0.01175		0.004697	0.043078
0.0118		0.003918	0.052584
0.01185		0.003581	0.05265
0.0119		0.003563	0.053646
0.01195		0.003588	0.052942
0.012		0.003551	0.053534
0.01205		0.003527	0.052946
0.0121		0.003577	0.053572
0.01215		0.003536	0.052943
0.0122		0.003621	0.053613
0.01225		0.003564	0.052805
0.0123		0.003586	0.053904
0.01235		0.003473	0.051967
0.0124		0.003686	0.060866
0.01245		0.002839	0.078343
0.0125		0.001667	0.080679
0.01255		0.001567	0.081665
0.0126		0.001422	0.081299
0.01265		0.001487	0.081595
0.0127		0.001487	0.081411
0.01275		0.001489	0.08148
0.0128		0.001483	0.08152
0.01285		0.001471	0.081392
0.0129		0.00153	0.081563
0.01295		0.001424	0.081217
0.013		0.001559	0.082017
0.01305		0.001368	0.078027
0.0131		0.002357	0.062549
0.01315		0.004427	0.059013
0.0132		0.004613	0.058183
0.01325		0.004731	0.058188
0.0133		0.004621	0.057996
0.01335		0.004699	0.058236
0.0134		0.004689	0.058065
0.01345		0.004752	0.058239
0.0135		0.004706	0.058002
0.01355		0.004745	0.058307
0.0136		0.004731	0.05791
0.01365		0.004691	0.058279
0.0137		0.004651	0.058436
0.01375		0.00473	0.072252
0.0138		0.003972	0.079536
0.01385		0.003579	0.079898
0.0139		0.003537	0.080272
0.01395		0.00352	0.080247
0.014		0.003566	0.080177
0.01405		0.003542	0.080346
0.0141		0.003553	0.080062
0.01415		0.003558	0.080357
0.0142		0.003545	0.079791
0.01425		0.003556	0.080513
0.0143		0.003638	0.079461
0.01435		0.003555	0.081247
0.0144		0.003552	0.066116
0.01445		0.002307	0.050203
0.0145		0.001497	0.04962
0.01455		0.001456	0.048287
0.0146		0.001468	0.048928
0.01465		0.001538	0.048398
0.0147		0.001493	0.0487
0.01475		0.00154	0.048352
0.0148		0.001459	0.048607
0.01485		0.001481	0.048386
0.0149		0.001418	0.048588
0.01495		0.001557	0.048531
0.015		0.001493	0.048382
0.01505		0.001493	0.049701
0.0151		0.001529	0.053112
0.01515		0.001531	0.053415
0.0152		0.001515	0.053746
0.01525		0.001413	0.053568
0.0153		0.001437	0.0537
0.01535		0.00143	0.053501
0.0154		0.001434	0.053733
0.01545		0.001453	0.053471
0.0155		0.001437	0.053793
0.01555		0.001389	0.053469
0.0156		0.0015	0.053825
0.01565		0.001459	0.053143
0.0157		0.001467	0.056167
0.01575		0.001208	0.071559
0.0158		-1.65E-05	0.075977
0.01585		-0.000355	0.076536
0.0159		-0.000406	0.07663
0.01595		-0.000399	0.076621
0.016		-0.000443	0.076545
0.01605		-0.000461	0.076564
0.0161		-0.000441	0.076472
0.01615		-0.000458	0.076676
0.0162		-0.000406	0.076528
0.01625		-0.000387	0.076671
0.0163		-0.000363	0.076482
0.01635		-0.000448	0.07666
0.0164		-0.000494	0.067827
0.01645		-0.001142	0.062264
0.0165		-0.00147	0.062157
0.01655		-0.001435	0.061683
0.0166		-0.001487	0.061905
0.01665		-0.001479	0.06177
0.0167		-0.001413	0.061884
0.01675		-0.001555	0.061658
0.0168		-0.001505	0.061773
0.01685		-0.001507	0.061652
0.0169		-0.001474	0.061702
0.01695		-0.00147	0.061692
0.017		-0.001397	0.061752
0.01705		-0.001504	0.061448
0.0171		-0.000473	0.06083
0.01715		0.000432	0.060715
0.0172		0.000461	0.060623
0.01725		0.000485	0.06068
0.0173		0.000443	0.060601
0.01735		0.000448	0.060701
0.0174		0.000419	0.060489
0.01745		0.000417	0.060689
0.0175		0.000398	0.060416
0.01755		0.000424	0.060783
0.0176		0.000485	0.060349
0.01765		0.00044	0.06119
0.0177		0.000498	0.056756
0.01775		0.000252	0.042923
0.0178		-0.000347	0.040418
0.01785		-0.000398	0.039556
0.0179		-0.000406	0.039789
0.01795		-0.000414	0.039433
0.018		-0.000457	0.039797
0.01805		-0.000436	0.039357
0.0181		-0.000477	0.039774
0.01815		-0.000483	0.039276
0.0182		-0.000487	0.039889
0.01825		-0.000441	0.039174
0.0183		-0.00045	0.040103
0.01835		-0.000425	0.039174
0.0184		-0.000395	0.061193
0.01845		0.000212	0.075998
0.0185		0.000441	0.076409
0.01855		0.00044	0.077507
0.0186		0.000488	0.077015
0.01865		0.000425	0.077325
0.0187		0.000406	0.077289
0.01875		0.000461	0.077225
0.0188		0.000413	0.077401
0.01885		0.000495	0.077018
0.0189		0.000503	0.07761
0.01895		0.000499	0.076593
0.019		0.000385	0.078354
0.01905		0.000406	0.063968
0.0191		-0.00137	0.048335
0.01915		-0.002444	0.047727
0.0192		-0.002453	0.046398
0.01925		-0.002533	0.046986
0.0193		-0.002543	0.046494
0.01935		-0.002535	0.046796
0.0194		-0.002528	0.046568
0.01945		-0.002498	0.046633
0.0195		-0.002531	0.0467
0.01955		-0.002544	0.046448
0.0196		-0.002592	0.046917
0.01965		-0.002491	0.045799
0.0197		-0.002627	0.051323
0.01975		-0.00177	0.068678
0.0198		-0.000577	0.071933
0.01985		-0.000561	0.072768
0.0199		-0.000466	0.072661
0.01995		-0.000473	0.072943
0.02		-0.000499	0.07277
0.02005		-0.000478	0.072798
0.0201		-0.000433	0.072757
0.02015		-0.000447	0.072783
0.0202		-0.000411	0.072818
0.02025		-0.000469	0.072584
0.0203		-0.000433	0.07303
0.02035		-0.000339	0.070529
0.0204		-0.000796	0.052421
0.02045		-0.002889	0.046279
0.0205		-0.00344	0.045768
0.02055		-0.003522	0.045446
0.0206		-0.003519	0.045457
0.02065		-0.00359	0.045402
0.0207		-0.003537	0.04538
0.02075		-0.003638	0.045395
0.0208		-0.003616	0.045328
0.02085		-0.00363	0.045433
0.0209		-0.003573	0.045361
0.02095		-0.003523	0.04552
0.021		-0.003508	0.045228
0.02105		-0.003529	0.048662
0.0211		-0.002906	0.051325
0.02115		-0.002509	0.051441
0.0212		-0.002542	0.051641
0.02125		-0.002477	0.051557
0.0213		-0.002525	0.051598
0.02135		-0.002542	0.051565
0.0214		-0.002569	0.051539
0.02145		-0.002516	0.05151
0.0215		-0.002568	0.051435
0.02155		-0.002498	0.051593
0.0216		-0.002516	0.051431
0.02165		-0.002531	0.051728
0.0217		-0.002528	0.048978
0.02175		-0.002502	0.045696
0.0218		-0.00248	0.045443
0.02185		-0.002494	0.045218
0.0219		-0.002513	0.045282
0.02195		-0.002561	0.045166
0.022		-0.002586	0.045202
0.02205		-0.002512	0.045166
0.0221		-0.002502	0.045236
0.02215		-0.002453	0.045203
0.0222		-0.002566	0.045075
0.02225		-0.002533	0.045319
0.0223		-0.00258	0.044894
0.02235		-0.002464	0.047089
0.0224		-0.003058	0.059584
0.02245		-0.004396	0.063403
0.0225		-0.004647	0.063806
0.02255		-0.004778	0.064024
0.0226		-0.004675	0.063962
0.02265		-0.004795	0.063961
0.0227		-0.004753	0.063972
0.02275		-0.00473	0.06392
0.0228		-0.00469	0.063891
0.02285		-0.004689	0.063921
0.0229		-0.004702	0.063897
0.02295		-0.004713	0.063951
0.023		-0.004717	0.063499
0.02305		-0.004716	0.060032
0.0231		-0.004754	0.058734
0.02315		-0.004662	0.058616
0.0232		-0.004682	0.058554
0.02325		-0.004664	0.058575
0.0233		-0.004623	0.058483
0.02335		-0.004705	0.058512
0.0234		-0.004695	0.058506
0.02345		-0.004691	0.058506
0.0235		-0.004765	0.058557
0.02355		-0.004705	0.058457
0.0236		-0.004698	0.05846
0.02365		-0.004612	0.058444
0.0237		-0.004761	0.058506
0.02375		-0.002321	0.058465
0.0238		-0.000557	0.058427
0.02385		-0.000506	0.058399
0.0239		-0.000441	0.058416
0.02395		-0.000473	0.058357
0.024		-0.000414	0.058394
0.02405		-0.000413	0.058313
0.0241		-0.000437	0.05837
0.02415		-0.000429	0.058207
0.0242		-0.000429	0.058421
0.02425		-0.000417	0.058177
0.0243		-0.000511	0.058638
0.02435		-0.000303	0.056059
0.0244		-0.001574	0.050863
0.02445		-0.003318	0.050299
0.0245		-0.003377	0.049926
0.02455		-0.003547	0.050108
0.0246		-0.003505	0.049854
0.02465		-0.003548	0.050063
0.0247		-0.003519	0.049812
0.02475		-0.003548	0.05006
0.0248		-0.003516	0.04979
0.02485		-0.00354	0.050175
0.0249		-0.003507	0.049556
0.02495		-0.003526	0.050724
0.025		-0.003608	0.04446
0.02505		-0.003248	0.003885
0.0251		-0.000562	-0.009378
0.02515		0.000417	-0.010623
0.0252		0.000472	-0.011066
0.02525		0.000544	-0.011104
0.0253		0.000521	-0.01104
0.02535		0.000559	-0.01128
0.0254		0.00052	-0.011043
0.02545		0.000487	-0.011347
0.0255		0.000487	-0.010801
0.02555		0.000492	-0.011553
0.0256		0.000463	-0.010535
0.02565		0.000554	-0.012197
0.0257		0.000258	0.001766
0.02575		-0.003109	0.01612
0.0258		-0.004461	0.016555
0.02585		-0.00459	0.017726
0.0259		-0.004717	0.017193
0.02595		-0.004634	0.017585
0.026		-0.004741	0.017352
0.02605		-0.004686	0.017501
0.0261		-0.004686	0.017334
0.02615		-0.004656	0.017468
0.0262		-0.004661	0.017485
0.02625		-0.004634	0.017286
0.0263		-0.004673	0.017816
0.02635		-0.004594	0.013904
0.0264		-0.005212	0.00768
0.02645		-0.005608	0.007295
0.0265		-0.005612	0.0068
0.02655		-0.005685	0.007081
0.0266		-0.005717	0.006706
0.02665		-0.005667	0.006924
0.0267		-0.005655	0.006767
0.02675		-0.005678	0.006964
0.0268		-0.00574	0.006781
0.02685		-0.005669	0.006989
0.0269		-0.005776	0.006727
0.02695		-0.0057	0.007119
0.027		-0.005772	0.005501
0.02705		-0.005279	-0.00288
0.0271		-0.003818	-0.005543
0.02715		-0.003531	-0.005819
0.0272		-0.00344	-0.005935
0.02725		-0.003493	-0.005874
0.0273		-0.003533	-0.005899
0.02735		-0.003462	-0.005824
0.0274		-0.003523	-0.005848
0.02745		-0.003525	-0.005869
0.0275		-0.003538	-0.005884
0.02755		-0.003511	-0.005769
0.0276		-0.003507	-0.005791
0.02765		-0.003409	-0.006009
0.0277		-0.003804	-0.009403
0.02775		-0.005246	-0.01096
0.0278		-0.005577	-0.011106
0.02785		-0.005695	-0.011159
0.0279		-0.00573	-0.011151
0.02795		-0.005693	-0.011237
0.028		-0.005662	-0.011243
0.02805		-0.005689	-0.011177
0.0281		-0.005687	-0.011167
0.02815		-0.005674	-0.011126
0.0282		-0.005677	-0.011243
0.02825		-0.005632	-0.011037
0.0283		-0.005685	-0.01134
0.02835		-0.005578	-0.010211
0.0284		-0.006804	-0.008249
0.02845		-0.007633	-0.007968
0.0285		-0.00771	-0.007955
0.02855		-0.007789	-0.007894
0.0286		-0.007718	-0.007957
0.02865		-0.007737	-0.007865
0.0287		-0.007678	-0.008051
0.02875		-0.007704	-0.007791
0.0288		-0.007724	-0.008139
0.02885		-0.007698	-0.007633
0.0289		-0.007855	-0.008302
0.02895		-0.007593	-0.007111
0.029		-0.007868	-0.013386
0.02905		-0.006375	-0.025663
0.0291		-0.003865	-0.027082
0.02915		-0.003625	-0.027958
0.0292		-0.003441	-0.027648
0.02925		-0.003448	-0.027994
0.0293		-0.003456	-0.027631
0.02935		-0.003496	-0.027973
0.0294		-0.003441	-0.027727
0.02945		-0.003483	-0.027913
0.0295		-0.003492	-0.027654
0.02955		-0.003503	-0.027909
0.0296		-0.003425	-0.027631
0.02965		-0.00349	-0.027506
0.0297		-0.003453	-0.017038
0.02975		-0.003462	-0.011581
0.0298		-0.003405	-0.011387
0.02985		-0.003483	-0.011085
0.0299		-0.0034	-0.011145
0.02995		-0.00342	-0.011069
0.03		-0.003438	-0.011047
0.03005		-0.003499	-0.0111
0.0301		-0.003483	-0.011007
0.03015		-0.003492	-0.0112
0.0302		-0.003514	-0.0109
0.03025		-0.003453	-0.011369
0.0303		-0.003425	-0.010674
0.03035		-0.003481	-0.020096
0.0304		-0.004301	-0.028106
0.03045		-0.004556	-0.028239
0.0305		-0.004539	-0.028984
0.03055		-0.004632	-0.028588
0.0306		-0.004636	-0.028991
0.03065		-0.004605	-0.028649
0.0307		-0.004584	-0.028921
0.03075		-0.004661	-0.028622
0.0308		-0.004594	-0.028888
0.03085		-0.004601	-0.02859
0.0309		-0.004587	-0.028985
0.03095		-0.004646	-0.028371
0.031		-0.004638	-0.031331
0.03105		-0.004646	-0.037306
0.0311		-0.004612	-0.037932
0.03115		-0.004543	-0.038413
0.0312		-0.00465	-0.038059
0.03125		-0.004676	-0.038411
0.0313		-0.004614	-0.038099
0.03135		-0.004536	-0.038447
0.0314		-0.004593	-0.038065
0.03145		-0.004587	-0.038649
0.0315		-0.004579	-0.037862
0.03155		-0.004628	-0.03881
0.0316		-0.00459	-0.037056
0.03165		-0.004514	-0.045214
0.0317		-0.00486	-0.066255
0.03175		-0.005474	-0.069741
0.0318		-0.00556	-0.070836
0.03185		-0.005654	-0.07058
0.0319		-0.005682	-0.070918
0.03195		-0.005685	-0.070674
0.032		-0.005654	-0.070909
0.03205		-0.005582	-0.070584
0.0321		-0.005612	-0.070779
0.03215		-0.005569	-0.0706
0.0322		-0.005636	-0.070763
0.03225		-0.005634	-0.07065
0.0323		-0.005596	-0.070736
0.03235		-0.005423	-0.068755
0.0324		-0.003951	-0.067691
0.03245		-0.003427	-0.067558
0.0325		-0.003422	-0.06756
0.03255		-0.003415	-0.067509
0.0326		-0.003463	-0.067514
0.03265		-0.00337	-0.067457
0.0327		-0.003378	-0.067528
0.03275		-0.003388	-0.067369
0.0328		-0.003379	-0.067543
0.03285		-0.003368	-0.067269
0.0329		-0.003385	-0.067586
0.03295		-0.003372	-0.067129
0.033		-0.003322	-0.072029
0.03305		-0.002753	-0.076392
0.0331		-0.002347	-0.076587
0.03315		-0.002411	-0.076933
0.0332		-0.002328	-0.076784
0.03325		-0.002332	-0.076838
0.0333		-0.002376	-0.076769
0.03335		-0.002395	-0.07676
0.0334		-0.002396	-0.076838
0.03345		-0.002409	-0.07673
0.0335		-0.002402	-0.076871
0.03355		-0.00245	-0.076542
0.0336		-0.002406	-0.07709
0.03365		-0.002427	-0.073889
0.0337		-0.002125	-0.068123
0.03375		-0.001435	-0.067487
0.0338		-0.001323	-0.0671
0.03385		-0.001342	-0.067314
0.0339		-0.00136	-0.067143
0.03395		-0.001375	-0.067346
0.034		-0.001389	-0.067217
0.03405		-0.001354	-0.067198
0.0341		-0.001319	-0.067136
0.03415		-0.001326	-0.067154
0.0342		-0.001252	-0.06717
0.03425		-0.00128	-0.067125
0.0343		-0.001285	-0.067114
0.03435		-0.001492	-0.065128
0.0344		-0.002259	-0.063943
0.03445		-0.00231	-0.063953
0.0345		-0.002362	-0.063897
0.03455		-0.00231	-0.063798
0.0346		-0.002346	-0.063846
0.03465		-0.0023	-0.063798
0.0347		-0.002379	-0.063892
0.03475		-0.002306	-0.063698
0.0348		-0.002359	-0.063872
0.03485		-0.002355	-0.063706
0.0349		-0.002398	-0.063999
0.03495		-0.002403	-0.06388
0.035		-0.002387	-0.075233
0.03505		-0.002354	-0.082113
0.0351		-0.002329	-0.082274
0.03515		-0.002389	-0.082815
0.0352		-0.002328	-0.082485
0.03525		-0.002379	-0.082648
0.0353		-0.002303	-0.082533
0.03535		-0.002387	-0.082551
0.0354		-0.002336	-0.082641
0.03545		-0.002384	-0.082616
0.0355		-0.002368	-0.082644
0.03555		-0.002413	-0.082442
0.0356		-0.002233	-0.08284
0.03565		-0.002409	-0.080534
0.0357		-0.001157	-0.07683
0.03575		0.000409	-0.076457
0.0358		0.000574	-0.076255
0.03585		0.00068	-0.076283
0.0359		0.000584	-0.076248
0.03595		0.000581	-0.076192
0.036		0.00058	-0.076218
0.03605		0.000558	-0.076133
0.0361		0.000592	-0.076253
0.03615		0.000494	-0.076039
0.0362		0.000627	-0.076447
0.03625		0.000587	-0.075697
0.0363		0.00069	-0.079099
0.03635		-1.92E-05	-0.090023
0.0364		-0.002649	-0.092229
0.03645		-0.003259	-0.092765
0.0365		-0.003394	-0.092727
0.03655		-0.003366	-0.092865
0.0366		-0.003405	-0.092727
0.03665		-0.003382	-0.09282
0.0367		-0.003408	-0.092746
0.03675		-0.003444	-0.092809
0.0368		-0.003435	-0.09272
0.03685		-0.00344	-0.092716
0.0369		-0.003386	-0.092746
0.03695		-0.003545	-0.092221
0.037		-0.002953	-0.083651
0.03705		-0.00026	-0.079473
0.0371		0.000478	-0.079408
0.03715		0.0006	-0.078924
0.0372		0.000585	-0.079243
0.03725		0.000548	-0.078946
0.0373		0.000559	-0.079241
0.03735		0.000576	-0.078848
0.0374		0.000614	-0.079171
0.03745		0.000621	-0.078709
0.0375		0.00065	-0.079285
0.03755		0.000676	-0.078532
0.0376		0.000568	-0.079809
0.03765		0.000646	-0.072942
0.0377		-0.000524	-0.061683
0.03775		-0.001224	-0.060505
0.0378		-0.001264	-0.059844
0.03785		-0.0013	-0.060077
0.0379		-0.001238	-0.059951
0.03795		-0.0013	-0.060006
0.038		-0.001293	-0.059984
0.03805		-0.0013	-0.05992
0.0381		-0.001337	-0.059998
0.03815		-0.00132	-0.059721
0.0382		-0.001346	-0.060153
0.03825		-0.001287	-0.059288
0.0383		-0.001423	-0.063488
0.03835		-0.000805	-0.080242
0.0384		0.000374	-0.08422
0.03845		0.000533	-0.084974
0.0385		0.000609	-0.0849
0.03855		0.000568	-0.085061
0.0386		0.000547	-0.084983
0.03865		0.000568	-0.085065
0.0387		0.000633	-0.085002
0.03875		0.000614	-0.085002
0.0388		0.000581	-0.08487
0.03885		0.000647	-0.084865
0.0389		0.000595	-0.084948
0.03895		0.000613	-0.084556
0.039		0.000404	-0.079784
0.03905		-0.000151	-0.077815
0.0391		-0.000239	-0.077643
0.03915		-0.000284	-0.07763
0.0392		-0.000274	-0.077576
0.03925		-0.000291	-0.077537
0.0393		-0.000345	-0.077538
0.03935		-0.000308	-0.077514
0.0394		-0.000293	-0.077484
0.03945		-0.000291	-0.07757
0.0395		-0.000282	-0.077425
0.03955		-0.000291	-0.077537
0.0396		-0.000303	-0.077639
0.03965		-2.19E-05	-0.082317
0.0397		0.003322	-0.08447
0.03975		0.004732	-0.084677
0.0398		0.00486	-0.084682
0.03985		0.004889	-0.084734
0.0399		0.00485	-0.084593
0.03995		0.004904	-0.084841
0.04		0.004861	-0.08454
0.04005		0.004824	-0.084922
0.0401		0.004846	-0.084414
0.04015		0.004827	-0.08507
0.0402		0.004856	-0.084012
0.04025		0.004885	-0.08579
0.0403		0.004949	-0.07407
0.04035		0.004409	-0.059041
0.0404		0.003781	-0.058166
0.04045		0.003812	-0.056947
0.0405		0.003689	-0.057584
0.04055		0.003688	-0.057087
0.0406		0.003697	-0.057442
0.04065		0.003666	-0.05713
0.0407		0.003711	-0.057309
0.04075		0.003717	-0.057113
0.0408		0.003659	-0.057245
0.04085		0.003765	-0.057245
0.0409		0.003673	-0.057242
0.04095		0.003913	-0.057722
0.041		0.002864	-0.061946
0.04105		0.000946	-0.063189
0.0411		0.000722	-0.063377
0.04115		0.000607	-0.063373
0.0412		0.000603	-0.063446
0.04125		0.000569	-0.063343
0.0413		0.000588	-0.063398
0.04135		0.000583	-0.063325
0.0414		0.000599	-0.063457
0.04145		0.000669	-0.063298
0.0415		0.000585	-0.063422
0.04155		0.00061	-0.063285
0.0416		0.000532	-0.06282
0.04165		0.000812	-0.052603
0.0417		0.002203	-0.048031
0.04175		0.00259	-0.047628
0.0418		0.002769	-0.047539
0.04185		0.002665	-0.047455
0.0419		0.002772	-0.047561
0.04195		0.002724	-0.047339
0.042		0.002686	-0.047558
0.04205		0.002675	-0.047187
0.0421		0.002631	-0.047705
0.04215		0.002644	-0.046956
0.0422		0.002676	-0.048016
0.04225		0.002664	-0.046243
0.0423		0.002714	-0.055921
0.04235		0.001446	-0.070533
0.0424		0.000646	-0.071837
0.04245		0.0006	-0.072769
0.0425		0.000643	-0.072568
0.04255		0.000684	-0.072662
0.0426		0.000658	-0.072735
0.04265		0.00062	-0.072542
0.0427		0.000637	-0.072912
0.04275		0.000589	-0.072274
0.0428		0.00065	-0.073115
0.04285		0.000648	-0.071712
0.0429		0.00065	-0.074384
0.04295		0.000609	-0.061901
0.043		0.00108	-0.031359
0.04305		0.001581	-0.026756
0.0431		0.001612	-0.025004
0.04315		0.001681	-0.02557
0.0432		0.001598	-0.024964
0.04325		0.001634	-0.025437
0.0433		0.001601	-0.024935
0.04335		0.001635	-0.025289
0.0434		0.001586	-0.02504
0.04345		0.001627	-0.025275
0.0435		0.00162	-0.025059
0.04355		0.001593	-0.025122
0.0436		0.00166	-0.026075
0.04365		0.001428	-0.037187
0.0437		0.000795	-0.041493
0.04375		0.000598	-0.041837
0.0438		0.000533	-0.04201
0.04385		0.000592	-0.042102
0.0439		0.000568	-0.042006
0.04395		0.000579	-0.042061
0.044		0.00058	-0.041932
0.04405		0.000591	-0.042199
0.0441		0.000548	-0.041862
0.04415		0.00057	-0.042227
0.0442		0.000566	-0.041673
0.04425		0.000546	-0.042558
0.0443		0.000884	-0.031148
0.04435		0.0036	-0.02058
0.0444		0.004679	-0.020598
0.04445		0.004798	-0.019394
0.0445		0.004906	-0.020188
0.04455		0.004864	-0.019387
0.0446		0.004889	-0.020026
0.04465		0.004849	-0.019353
0.0447		0.004869	-0.020198
0.04475		0.004883	-0.019267
0.0448		0.004839	-0.02042
0.04485		0.004845	-0.018813
0.0449		0.004802	-0.021122
0.04495		0.004911	-0.001927
0.045		0.00434	0.017242
0.04505		0.003714	0.018008
0.0451		0.003718	0.019597
0.04515		0.003681	0.018883
0.0452		0.003697	0.019516
0.04525		0.003653	0.019031
0.0453		0.003703	0.019342
0.04535		0.003659	0.01913
0.0454		0.003637	0.019263
0.04545		0.003608	0.01918
0.0455		0.003597	0.019014
0.04555		0.003693	0.019793
0.0456		0.003544	0.015199
0.04565		0.004335	-0.015107
0.0457		0.005615	-0.024632
0.04575		0.005793	-0.025761
0.0458		0.00588	-0.025892
0.04585		0.005832	-0.026091
0.0459		0.00581	-0.025868
0.04595		0.00585	-0.026179
0.046		0.005843	-0.025803
0.04605		0.005836	-0.026253
0.0461		0.005854	-0.025774
0.04615		0.005872	-0.026471
0.0462		0.005806	-0.025407
0.04625		0.005872	-0.026631
0.0463		0.005544	-0.003383
0.04635		0.00342	0.013573
0.0464		0.002719	0.013956
0.04645		0.00265	0.015365
0.0465		0.002653	0.01473
0.04655		0.002665	0.015192
0.0466		0.002625	0.014862
0.04665		0.002605	0.01505
0.0467		0.002629	0.015098
0.04675		0.002607	0.014869
0.0468		0.002613	0.015235
0.04685		0.002649	0.014667
0.0469		0.002625	0.015619
0.04695		0.002609	0.003052
0.047		0.002603	-0.007348
0.04705		0.002684	-0.007617
0.0471		0.002624	-0.008512
0.04715		0.00264	-0.008227
0.0472		0.002606	-0.008293
0.04725		0.002686	-0.008365
0.0473		0.002613	-0.00815
0.04735		0.002607	-0.008543
0.0474		0.002602	-0.008001
0.04745		0.002702	-0.008834
0.0475		0.002644	-0.007451
0.04755		0.002671	-0.010028
0.0476		0.002557	0.003959
0.04765		0.003483	0.028135
0.0477		0.004662	0.030449
0.04775		0.004742	0.032175
0.0478		0.004809	0.031301
0.04785		0.004736	0.032105
0.0479		0.004753	0.031514
0.04795		0.004827	0.031909
0.048		0.004842	0.03155
0.04805		0.004868	0.031896
0.0481		0.004809	0.031616
0.04815		0.004883	0.031769
0.0482		0.004736	0.031745
0.04825		0.00486	0.030696
0.0483		0.004165	0.015016
0.04835		0.002026	0.008334
0.0484		0.001652	0.008039
0.04845		0.001541	0.007519
0.0485		0.001609	0.007789
0.04855		0.001505	0.007496
0.0486		0.001566	0.007742
0.04865		0.001555	0.007456
0.0487		0.001572	0.007732
0.04875		0.001597	0.00736
0.0488		0.001592	0.007811
0.04885		0.001549	0.007354
0.0489		0.00152	0.008027
0.04895		0.001526	0.002143
0.049		0.002913	-0.00352
0.04905		0.003568	-0.003785
0.0491		0.003534	-0.004228
0.04915		0.00359	-0.004146
0.0492		0.0036	-0.00417
0.04925		0.003629	-0.004131
0.0493		0.003568	-0.004142
0.04935		0.003579	-0.004198
0.0494		0.003578	-0.004092
0.04945		0.003581	-0.00435
0.0495		0.003593	-0.003922
0.04955		0.003642	-0.004542
0.0496		0.003551	-0.000595
0.04965		0.004159	0.005592
0.0497		0.004736	0.006022
0.04975		0.004804	0.006558
0.0498		0.004793	0.006239
0.04985		0.004745	0.006428
0.0499		0.00478	0.006387
0.04995		0.004767	0.006472
0.05		0.004827	0.006372
0.05005		0.004806	0.006383
0.0501		0.004776	0.006405
0.05015		0.004749	0.006473
0.0502		0.00475	0.006244
0.05025		0.004802	0.008012
0.0503		0.004768	0.027809
0.05035		0.004802	0.036152
0.0504		0.00475	0.036465
0.05045		0.004758	0.037069
0.0505		0.004764	0.036824
0.05055		0.004749	0.037062
0.0506		0.004727	0.036895
0.05065		0.004745	0.037014
0.0507		0.004745	0.036946
0.05075		0.004784	0.036932
0.0508		0.004735	0.036995
0.05085		0.004767	0.036993
0.0509		0.004715	0.036616
0.05095		0.004882	0.031216
0.051		0.005569	0.028829
0.05105		0.005687	0.028631
0.0511		0.005763	0.028548
0.05115		0.005736	0.028397
0.0512		0.005755	0.028593
0.05125		0.005719	0.02837
0.0513		0.005799	0.028631
0.05135		0.005732	0.028268
0.0514		0.005739	0.028801
0.05145		0.005817	0.028076
0.0515		0.005767	0.0291
0.05155		0.00578	0.027321
0.0516		0.005744	0.038358
0.05165		0.004332	0.054646
0.0517		0.003647	0.055673
0.05175		0.003623	0.057011
0.0518		0.00356	0.056318
0.05185		0.003547	0.05691
0.0519		0.003566	0.056422
0.05195		0.003574	0.056886
0.052		0.003618	0.056429
0.05205		0.003541	0.056857
0.0521		0.003597	0.05632
0.05215		0.003505	0.057009
0.0522		0.003571	0.055984
0.05225		0.003459	0.06001
0.0523		0.003977	0.074575
0.05235		0.004668	0.078092
0.0524		0.004647	0.078583
0.05245		0.004749	0.078639
0.0525		0.004721	0.078707
0.05255		0.00473	0.078669
0.0526		0.004702	0.078682
0.05265		0.004747	0.078674
0.0527		0.004743	0.078683
0.05275		0.004679	0.078652
0.0528		0.004689	0.078587
0.05285		0.00475	0.078771
0.0529		0.004757	0.077578
0.05295		0.004446	0.06782
0.053		0.003701	0.064206
0.05305		0.003593	0.063916
0.0531		0.003574	0.063827
0.05315		0.003552	0.063757
0.0532		0.003512	0.063784
0.05325		0.003568	0.063779
0.0533		0.003531	0.063772
0.05335		0.003536	0.063709
0.0534		0.003537	0.063803
0.05345		0.003592	0.063631
0.0535		0.003592	0.063802
0.05355		0.003515	0.06394
0.0536		0.003623	0.071868
0.05365		0.003046	0.075955
0.0537		0.002573	0.076151
0.05375		0.00257	0.076303
0.0538		0.002447	0.076344
0.05385		0.002522	0.076181
0.0539		0.002496	0.07632
0.05395		0.002505	0.076102
0.054		0.002503	0.076353
0.05405		0.002484	0.075885
0.0541		0.002465	0.076621
0.05415		0.002587	0.075559
0.0542		0.002522	0.077378
0.05425		0.00255	0.068863
0.0543		0.00143	0.048819
0.05435		0.000546	0.045823
0.0544		0.000528	0.04462
0.05445		0.000452	0.04494
0.0545		0.000484	0.044583
0.05455		0.000433	0.044734
0.0546		0.000491	0.044586
0.05465		0.000454	0.044604
0.0547		0.000472	0.04459
0.05475		0.000451	0.044534
0.0548		0.000374	0.044772
0.05485		0.000458	0.044175
0.0549		0.000448	0.047454
0.05495		0.000754	0.055485
0.055		0.001422	0.056671
0.05505		0.001445	0.057196
0.0551		0.001501	0.057039
0.05515		0.001493	0.057112
0.0552		0.00147	0.057024
0.05525		0.001487	0.057071
0.0553		0.001485	0.057034
0.05535		0.001476	0.057023
0.0554		0.001478	0.057015
0.05545		0.001456	0.057059
0.0555		0.001526	0.056939
0.05555		0.001478	0.058163
0.0556		0.001339	0.073202
0.05565		8.64E-05	0.079522
0.0557		-0.000361	0.079864
0.05575		-0.000393	0.080156
0.0558		-0.00045	0.08006
0.05585		-0.000473	0.080102
0.0559		-0.000455	0.080162
0.05595		-0.000433	0.079994
0.056		-0.000472	0.080326
0.05605		-0.000428	0.079939
0.0561		-0.000421	0.080412
0.05615		-0.000396	0.079622
0.0562		-0.000443	0.08106
0.05625		-0.000406	0.073671
0.0563		-0.000895	0.060076
0.05635		-0.001375	0.058614
0.0564		-0.001416	0.057638
0.05645		-0.001518	0.058014
0.0565		-0.001476	0.057667
0.05655		-0.001442	0.05791
0.0566		-0.001452	0.057723
0.05665		-0.001437	0.057876
0.0567		-0.001418	0.057749
0.05675		-0.001411	0.057782
0.0568		-0.001409	0.057884
0.05685		-0.001438	0.057696
0.0569		-0.001439	0.058693
0.05695		-0.001476	0.060744
0.057		-0.00145	0.060889
0.05705		-0.001402	0.061059
0.0571		-0.001409	0.060927
0.05715		-0.001409	0.06103
0.0572		-0.001448	0.060824
0.05725		-0.001457	0.060959
0.0573		-0.00147	0.060857
0.05735		-0.001476	0.06083
0.0574		-0.001486	0.06075
0.05745		-0.001533	0.060959
0.0575		-0.00153	0.060853
0.05755		-0.001522	0.060232
0.0576		-0.001478	0.050776
0.05765		-0.001513	0.046652
0.0577		-0.001448	0.046357
0.05775		-0.001446	0.046205
0.0578		-0.001456	0.046186
0.05785		-0.001544	0.046211
0.0579		-0.001497	0.046056
0.05795		-0.001479	0.046217
0.058		-0.001438	0.045961
0.05805		-0.001476	0.046352
0.0581		-0.001467	0.045798
0.05815		-0.001496	0.046445
0.0582		-0.00146	0.045877
0.05825		-0.001459	0.063081
0.0583		-0.000798	0.074433
0.05835		-0.000444	0.074779
0.0584		-0.000452	0.075615
0.05845		-0.000414	0.07527
0.0585		-0.00044	0.075414
0.05855		-0.000446	0.075422
0.0586		-0.000389	0.075275
0.05865		-0.000441	0.075596
0.0587		-0.000452	0.075043
0.05875		-0.000414	0.07578
0.0588		-0.000395	0.074654
0.05885		-0.000514	0.076668
0.0589		-0.000413	0.064985
0.05895		-0.002215	0.046515
0.059		-0.003452	0.044916
0.05905		-0.003423	0.043554
0.0591		-0.00354	0.044103
0.05915		-0.003463	0.043613
0.0592		-0.003548	0.043884
0.05925		-0.003481	0.043837
0.0593		-0.003512	0.04382
0.05935		-0.003515	0.043898
0.0594		-0.00353	0.04363
0.05945		-0.003608	0.044151
0.0595		-0.003438	0.042945
0.05955		-0.003641	0.049047
0.0596		-0.002575	0.06539
0.05965		-0.000659	0.068101
0.0597		-0.000532	0.069054
0.05975		-0.000351	0.068658
0.0598		-0.000421	0.069018
0.05985		-0.00037	0.068706
0.0599		-0.000532	0.069011
0.05995		-0.000483	0.068693
0.06		-0.00045	0.068951
0.06005		-0.000406	0.068706
0.0601		-0.000455	0.068914
0.06015		-0.000459	0.068793
0.0602		-0.000426	0.068085
0.06025		-0.0006	0.054605
0.0603		-0.001888	0.048437
0.06035		-0.002421	0.048061
0.0604		-0.00248	0.047795
0.06045		-0.002473	0.047875
0.0605		-0.002481	0.047793
0.06055		-0.002496	0.047768
0.0606		-0.002512	0.047832
0.06065		-0.002481	0.047647
0.0607		-0.002483	0.047871
0.06075		-0.00248	0.04749
0.0608		-0.002517	0.04808
0.06085		-0.002491	0.047151
0.0609		-0.002509	0.054314
0.06095		-0.00245	0.061662
0.061		-0.002461	0.062018
0.06105		-0.002491	0.062428
0.0611		-0.002505	0.062197
0.06115		-0.002439	0.062342
0.0612		-0.00248	0.062235
0.06125		-0.002465	0.062212
0.0613		-0.00251	0.062405
0.06135		-0.002498	0.062129
0.0614		-0.002468	0.062526
0.06145		-0.002416	0.061892
0.0615		-0.002469	0.063036
0.06155		-0.002413	0.057394
0.0616		-0.003473	0.043273
0.06165		-0.004553	0.0409
0.0617		-0.004636	0.040191
0.06175		-0.004673	0.040306
0.0618		-0.004698	0.040115
0.06185		-0.004667	0.040269
0.0619		-0.004593	0.040217
0.06195		-0.004658	0.040185
0.062		-0.004671	0.040199
0.06205		-0.004668	0.039963
0.0621		-0.004651	0.040332
0.06215		-0.004662	0.039586
0.0622		-0.004704	0.043526
0.06225		-0.004709	0.061026
0.0623		-0.004676	0.065551
0.06235		-0.004676	0.066274
0.0624		-0.004683	0.066246
0.06245		-0.004694	0.066394
0.0625		-0.004657	0.066308
0.06255		-0.004709	0.066361
0.0626		-0.004678	0.066238
0.06265		-0.004658	0.066333
0.0627		-0.004712	0.066252
0.06275		-0.004654	0.066338
0.0628		-0.004606	0.066222
0.06285		-0.00468	0.065984
0.0629		-0.00471	0.058712
0.06295		-0.004684	0.05494
0.063		-0.004649	0.054855
0.06305		-0.004642	0.054653
0.0631		-0.004639	0.05476
0.06315		-0.004706	0.054594
0.0632		-0.004719	0.054675
0.06325		-0.004723	0.054576
0.0633		-0.004579	0.054687
0.06335		-0.004653	0.054515
0.0634		-0.004628	0.054616
0.06345		-0.004716	0.054499
0.0635		-0.004605	0.054624
0.06355		-0.004749	0.053638
0.0636		-0.003039	0.052533
0.06365		-0.001546	0.052551
0.0637		-0.001501	0.052426
0.06375		-0.001387	0.05247
0.0638		-0.00145	0.05234
0.06385		-0.001354	0.052378
0.0639		-0.001382	0.052392
0.06395		-0.001437	0.052484
0.064		-0.001433	0.052343
0.06405		-0.001492	0.052452
0.0641		-0.001418	0.05226
0.06415		-0.001456	0.052544
0.0642		-0.001298	0.051653
0.06425		-0.002392	0.049809
0.0643		-0.004344	0.049259
0.06435		-0.004546	0.049376
0.0644		-0.004694	0.049117
0.06445		-0.00466	0.049349
0.0645		-0.004701	0.049035
0.06455		-0.004584	0.049428
0.0646		-0.004675	0.048983
0.06465		-0.004614	0.049488
0.0647		-0.004664	0.048707
0.06475		-0.004669	0.049693
0.0648		-0.004699	0.048374
0.06485		-0.004628	0.049539
0.0649		-0.004547	0.013691
0.06495		-0.002425	-0.009866
0.065		-0.001475	-0.010439
0.06505		-0.001472	-0.012316
0.0651		-0.001431	-0.011433
0.06515		-0.001408	-0.012142
0.0652		-0.001326	-0.011749
0.06525		-0.001409	-0.011946
0.0653		-0.001394	-0.011898
0.06535		-0.001391	-0.01178
0.0654		-0.001411	-0.012109
0.06545		-0.001383	-0.011396
0.0655		-0.001489	-0.012718
0.06555		-0.001426	0.001582
0.0656		-0.003345	0.015442
0.06565		-0.004497	0.015734
0.0657		-0.004521	0.017034
0.06575		-0.004639	0.016345
0.0658		-0.004679	0.016891
0.06585		-0.004684	0.016508
0.0659		-0.00463	0.016789
0.06595		-0.004664	0.016561
0.066		-0.004657	0.016722
0.06605		-0.004657	0.016646
0.0661		-0.004595	0.016581
0.06615		-0.00463	0.016966
0.0662		-0.00456	0.014411
0.06625		-0.005072	0.008254
0.0663		-0.005567	0.007526
0.06635		-0.005655	0.007053
0.0664		-0.005614	0.007344
0.06645		-0.005622	0.007078
0.0665		-0.005654	0.007267
0.06655		-0.005637	0.007088
0.0666		-0.005634	0.007219
0.06665		-0.005655	0.007031
0.0667		-0.005637	0.007317
0.06675		-0.005647	0.007019
0.0668		-0.00565	0.007521
0.06685		-0.005725	0.005222
0.0669		-0.005404	-0.005977
0.06695		-0.00388	-0.009255
0.067		-0.003518	-0.009635
0.06705		-0.003549	-0.009794
0.0671		-0.003415	-0.009849
0.06715		-0.003434	-0.009839
0.0672		-0.003411	-0.009831
0.06725		-0.003434	-0.009832
0.0673		-0.003462	-0.009784
0.06735		-0.003505	-0.00981
0.0674		-0.003473	-0.009733
0.06745		-0.003466	-0.009801
0.0675		-0.003412	-0.009646
0.06755		-0.003612	-0.010848
0.0676		-0.005082	-0.011764
0.06765		-0.005543	-0.011834
0.0677		-0.005619	-0.011873
0.06775		-0.005702	-0.011938
0.0678		-0.005735	-0.011879
0.06785		-0.005689	-0.011942
0.0679		-0.005645	-0.01186
0.06795		-0.00565	-0.011983
0.068		-0.005589	-0.011764
0.06805		-0.005659	-0.012076
0.0681		-0.005629	-0.011565
0.06815		-0.005651	-0.012359
0.0682		-0.005596	-0.008321
0.06825		-0.006128	-0.002206
0.0683		-0.006576	-0.001633
0.06835		-0.006658	-0.001171
0.0684		-0.006709	-0.001407
0.06845		-0.006717	-0.001261
0.0685		-0.00672	-0.001326
0.06855		-0.006631	-0.001353
0.0686		-0.006664	-0.001328
0.06865		-0.006656	-0.001465
0.0687		-0.006627	-0.001249
0.06875		-0.006743	-0.001515
0.0688		-0.006631	-0.000776
0.06885		-0.006775	-0.004365
0.0689		-0.00621	-0.022556
0.06895		-0.004849	-0.027736
0.069		-0.004706	-0.028372
0.06905		-0.004628	-0.028471
0.0691		-0.004591	-0.028596
0.06915		-0.004543	-0.02852
0.0692		-0.004546	-0.028604
0.06925		-0.004512	-0.028548
0.0693		-0.004579	-0.028611
0.06935		-0.004554	-0.028481
0.0694		-0.004583	-0.028567
0.06945		-0.00459	-0.028492
0.0695		-0.004583	-0.02813
0.06955		-0.004449	-0.018099
0.0696		-0.003618	-0.013285
0.06965		-0.003416	-0.01315
0.0697		-0.003411	-0.012778
0.06975		-0.003466	-0.0129
0.0698		-0.003412	-0.012859
0.06985		-0.00342	-0.012848
0.0699		-0.003457	-0.012966
0.06995		-0.003499	-0.012765
0.07		-0.003457	-0.012958
0.07005		-0.003389	-0.012553
0.0701		-0.003446	-0.013142
0.07015		-0.003397	-0.012204
0.0702		-0.003433	-0.019212
0.07025		-0.00418	-0.02754
0.0703		-0.004553	-0.027946
0.07035		-0.004624	-0.02873
0.0704		-0.00465	-0.028338
0.07045		-0.00462	-0.028679
0.0705		-0.004613	-0.028282
0.07055		-0.00458	-0.02859
0.0706		-0.004606	-0.028243
0.07065		-0.004532	-0.028542
0.0707		-0.004546	-0.028254
0.07075		-0.004565	-0.028685
0.0708		-0.004582	-0.028089
0.07085		-0.004595	-0.030813
0.0709		-0.004628	-0.03601
0.07095		-0.004606	-0.036655
0.071		-0.00455	-0.03692
0.07105		-0.00455	-0.036788
0.0711		-0.004595	-0.03696
0.07115		-0.00454	-0.036836
0.0712		-0.004579	-0.036927
0.07125		-0.004586	-0.036817
0.0713		-0.004547	-0.036868
0.07135		-0.004543	-0.036792
0.0714		-0.004538	-0.036938
0.07145		-0.004569	-0.036636
0.0715		-0.004454	-0.03919
0.07155		-0.004754	-0.063243
0.0716		-0.005374	-0.072675
0.07165		-0.005507	-0.073226
0.0717		-0.005588	-0.073826
0.07175		-0.005522	-0.073553
0.0718		-0.005529	-0.073719
0.07185		-0.0056	-0.073596
0.0719		-0.005585	-0.073727
0.07195		-0.005523	-0.073626
0.072		-0.005582	-0.073638
0.07205		-0.005523	-0.073615
0.0721		-0.005566	-0.073622
0.07215		-0.005591	-0.073564
0.0722		-0.005463	-0.06973
0.07225		-0.004099	-0.067473
0.0723		-0.003485	-0.067361
0.07235		-0.003416	-0.067157
0.0724		-0.003418	-0.067202
0.07245		-0.003449	-0.067157
0.0725		-0.003418	-0.067183
0.07255		-0.003368	-0.067192
0.0726		-0.003372	-0.067092
0.07265		-0.003435	-0.067237
0.0727		-0.003414	-0.067029
0.07275		-0.003375	-0.067324
0.0728		-0.003426	-0.066667
0.07285		-0.003342	-0.070703
0.0729		-0.003962	-0.07594
0.07295		-0.004465	-0.076233
0.073		-0.004516	-0.076694
0.07305		-0.004531	-0.076413
0.0731		-0.004503	-0.076571
0.07315		-0.004529	-0.076465
0.0732		-0.004595	-0.076584
0.07325		-0.004553	-0.076469
0.0733		-0.004584	-0.076535
0.07335		-0.004469	-0.076472
0.0734		-0.004621	-0.076469
0.07345		-0.004428	-0.076395
0.0735		-0.004736	-0.076432
0.07355		-0.002998	-0.076417
0.0736		-0.000589	-0.076425
0.07365		-0.00037	-0.076428
0.0737		-0.000241	-0.076409
0.07375		-0.000326	-0.076434
0.0738		-0.000212	-0.076399
0.07385		-0.000321	-0.076392
0.0739		-0.000277	-0.076351
0.07395		-0.00027	-0.076344
0.074		-0.000149	-0.076332
0.07405		-0.000234	-0.076331
0.0741		-0.000293	-0.07631
0.07415		-0.000195	-0.075547
0.0742		-0.00064	-0.064574
0.07425		-0.002694	-0.059903
0.0743		-0.003256	-0.059563
0.07435		-0.003348	-0.059432
0.0744		-0.003301	-0.059281
0.07445		-0.00336	-0.059421
0.0745		-0.003392	-0.059262
0.07455		-0.003392	-0.059526
0.0746		-0.003363	-0.059152
0.07465		-0.003367	-0.059549
0.0747		-0.003324	-0.058916
0.07475		-0.003357	-0.059895
0.0748		-0.003366	-0.058185
0.07485		-0.00333	-0.068541
0.0749		-0.002753	-0.082705
0.07495		-0.002379	-0.083701
0.075		-0.002322	-0.084703
0.07505		-0.00234	-0.08423
0.0751		-0.002399	-0.08457
0.07515		-0.002314	-0.08432
0.0752		-0.002363	-0.084479
0.07525		-0.002313	-0.084468
0.0753		-0.002355	-0.084377
0.07535		-0.00231	-0.084488
0.0754		-0.002328	-0.084154
0.07545		-0.002263	-0.084889
0.0755		-0.002465	-0.080271
0.07555		-0.001431	-0.072718
0.0756		0.000372	-0.072151
0.07565		0.000606	-0.07159
0.0757		0.000648	-0.071852
0.07575		0.000589	-0.07165
0.0758		0.000577	-0.071779
0.07585		0.000644	-0.071666
0.0759		0.000644	-0.071655
0.07595		0.000698	-0.071719
0.076		0.000644	-0.071605
0.07605		0.000746	-0.071729
0.0761		0.000592	-0.071254
0.07615		0.000781	-0.073626
0.0762		-0.000341	-0.086905
0.07625		-0.002909	-0.090851
0.0763		-0.003168	-0.091282
0.07635		-0.00336	-0.091431
0.0764		-0.003383	-0.091501
0.07645		-0.003409	-0.091467
0.0765		-0.003372	-0.091461
0.07655		-0.003364	-0.091407
0.0766		-0.003318	-0.091455
0.07665		-0.003353	-0.091361
0.0767		-0.003371	-0.091381
0.07675		-0.003375	-0.091375
0.0768		-0.003331	-0.091213
0.07685		-0.003235	-0.08665
0.0769		-0.001869	-0.084133
0.07695		-0.001357	-0.084156
0.077		-0.0013	-0.083819
0.07705		-0.001249	-0.084082
0.0771		-0.001287	-0.083835
0.07715		-0.001263	-0.084023
0.0772		-0.001205	-0.083717
0.07725		-0.001268	-0.084071
0.0773		-0.001256	-0.08368
0.07735		-0.001294	-0.084194
0.0774		-0.001246	-0.083457
0.07745		-0.001271	-0.084549
0.0775		-0.001258	-0.077085
0.07755		-0.001755	-0.068127
0.0776		-0.002265	-0.067534
0.07765		-0.002321	-0.06683
0.0777		-0.002284	-0.067207
0.07775		-0.002292	-0.066878
0.0778		-0.002317	-0.067051
0.07785		-0.002311	-0.066967
0.0779		-0.002354	-0.067017
0.07795		-0.002335	-0.066995
0.078		-0.00232	-0.066867
0.07805		-0.002348	-0.066973
0.0781		-0.002258	-0.066601
0.07815		-0.002384	-0.06891
0.0782		-0.001943	-0.080788
0.07825		-0.000524	-0.0842
0.0783		-0.000295	-0.0847
0.07835		-0.000248	-0.08471
0.0784		-0.000269	-0.084685
0.07845		-0.000178	-0.084693
0.0785		-0.000229	-0.084686
0.07855		-0.000167	-0.084601
0.0786		-0.000225	-0.084712
0.07865		-0.000197	-0.084619
0.0787		-0.000218	-0.084729
0.07875		-0.000169	-0.084603
0.0788		-0.000245	-0.08416
0.07885		-5.48E-05	-0.076153
0.0789		0.000499	-0.072369
0.07895		0.00065	-0.072289
0.079		0.000668	-0.072001
0.07905		0.0006	-0.072073
0.0791		0.000599	-0.072
0.07915		0.000655	-0.072007
0.0792		0.000665	-0.071955
0.07925		0.000633	-0.071953
0.0793		0.000666	-0.071984
0.07935		0.000702	-0.071775
0.0794		0.000648	-0.071992
0.07945		0.000703	-0.071959
0.0795		0.000653	-0.078376
0.07955		0.002466	-0.08198
0.0796		0.003685	-0.082174
0.07965		0.003658	-0.082367
0.0797		0.00374	-0.082301
0.07975		0.00374	-0.082279
0.0798		0.003723	-0.08235
0.07985		0.003714	-0.082186
0.0799		0.003747	-0.082448
0.07995		0.003778	-0.082109
0.08		0.003726	-0.082636
0.08005		0.003763	-0.081794
0.0801		0.003802	-0.083085
0.08015		0.003812	-0.075167
0.0802		0.003407	-0.063611
0.08025		0.002831	-0.062783
0.0803		0.002799	-0.061977
0.08035		0.002676	-0.062416
0.0804		0.002779	-0.061949
0.08045		0.002724	-0.062317
0.0805		0.002699	-0.062036
0.08055		0.002688	-0.062246
0.0806		0.002731	-0.061979
0.08065		0.002684	-0.062157
0.0807		0.002804	-0.061943
0.08075		0.00269	-0.062241
0.0808		0.002836	-0.061375
0.08085		0.002097	-0.058628
0.0809		0.0002	-0.057987
0.08095		-0.000158	-0.057908
0.081		-0.000244	-0.057818
0.08105		-0.000188	-0.057871
0.0811		-0.000245	-0.05778
0.08115		-0.000218	-0.057854
0.0812		-0.000296	-0.057767
0.08125		-0.000228	-0.057878
0.0813		-0.000258	-0.05778
0.08135		-0.000228	-0.057899
0.0814		-0.000288	-0.057682
0.08145		-0.000259	-0.057682
0.0815		-0.000165	-0.051656
0.08155		0.002392	-0.048563
0.0816		0.003645	-0.048408
0.08165		0.003729	-0.048272
0.0817		0.003759	-0.048275
0.08175		0.00371	-0.048338
0.0818		0.003751	-0.04813
0.08185		0.003806	-0.04839
0.0819		0.00378	-0.048094
0.08195		0.003777	-0.048453
0.082		0.003723	-0.047926
0.08205		0.003778	-0.04869
0.0821		0.003686	-0.047381
0.08215		0.003774	-0.056636
0.0822		0.001823	-0.067
0.08225		-0.000103	-0.067575
0.0823		-0.000188	-0.068412
0.08235		-0.000348	-0.067989
0.0824		-0.000207	-0.068216
0.08245		-0.000214	-0.068141
0.0825		-0.000274	-0.068119
0.08255		-0.000266	-0.068248
0.0826		-0.000237	-0.068023
0.08265		-0.000278	-0.068327
0.0827		-0.000285	-0.067657
0.08275		-0.000291	-0.068992
0.0828		-0.000314	-0.062785
0.08285		3.29E-05	-0.035384
0.0829		0.000561	-0.028278
0.08295		0.000584	-0.027218
0.083		0.000624	-0.027151
0.08305		0.000639	-0.026964
0.0831		0.000677	-0.0271
0.08315		0.00065	-0.027008
0.0832		0.000606	-0.027104
0.08325		0.00062	-0.027041
0.0833		0.000677	-0.027032
0.08335		0.000674	-0.026992
0.0834		0.000662	-0.026899
0.08345		0.000691	-0.027942
0.0835		0.000736	-0.038945
0.08355		0.001418	-0.043189
0.0836		0.00162	-0.043565
0.08365		0.001598	-0.043732
0.0837		0.001671	-0.043685
0.08375		0.00166	-0.043705
0.0838		0.001651	-0.043744
0.08385		0.001638	-0.043558
0.0839		0.001588	-0.043817
0.08395		0.001645	-0.043493
0.084		0.001723	-0.04389
0.08405		0.001652	-0.043315
0.0841		0.001655	-0.044146
0.08415		0.001646	-0.033574
0.0842		0.003648	-0.02344
0.08425		0.004779	-0.023358
0.0843		0.004806	-0.02225
0.08435		0.004909	-0.023013
0.0844		0.004853	-0.022302
0.08445		0.004878	-0.022905
0.0845		0.004872	-0.022227
0.08455		0.004894	-0.022967
0.0846		0.004854	-0.022137
0.08465		0.004808	-0.023214
0.0847		0.004915	-0.021822
0.08475		0.004874	-0.023983
0.0848		0.004917	-0.008829
0.08485		0.004166	0.008156
0.0849		0.003799	0.009066
0.08495		0.003847	0.010431
0.085		0.00376	0.009766
0.08505		0.003765	0.010249
0.0851		0.003745	0.009891
0.08515		0.00371	0.010183
0.0852		0.003658	0.010039
0.08525		0.003663	0.010087
0.0853		0.003684	0.010161
0.08535		0.003707	0.009934
0.0854		0.003734	0.01064
0.08545		0.00373	0.006138
0.0855		0.003811	-0.015787
0.08555		0.005241	-0.021526
0.0856		0.005803	-0.022591
0.08565		0.005819	-0.022375
0.0857		0.005877	-0.022671
0.08575		0.005895	-0.02234
0.0858		0.005958	-0.022774
0.08585		0.005921	-0.022298
0.0859		0.005877	-0.022842
0.08595		0.00585	-0.022211
0.086		0.005933	-0.023113
0.08605		0.00594	-0.021896
0.0861		0.005909	-0.023682
0.08615		0.005665	-0.005647
0.0862		0.004225	0.010727
0.08625		0.003756	0.011235
0.0863		0.003725	0.012511
0.08635		0.003664	0.011853
0.0864		0.003692	0.012416
0.08645		0.003734	0.012056
0.0865		0.003722	0.012297
0.08655		0.003719	0.012208
0.0866		0.003689	0.012187
0.08665		0.003706	0.012323
0.0867		0.003723	0.011972
0.08675		0.003599	0.012726
0.0868		0.003674	0.006876
0.08685		0.003215	-0.000764
0.0869		0.002701	-0.001156
0.08695		0.002731	-0.00179
0.087		0.002729	-0.001446
0.08705		0.002676	-0.001748
0.0871		0.002632	-0.001511
0.08715		0.002724	-0.001678
0.0872		0.002623	-0.001635
0.08725		0.002665	-0.001637
0.0873		0.002709	-0.001671
0.08735		0.002603	-0.00153
0.0874		0.002639	-0.001917
0.08745		0.002662	0.000293
0.0875		0.002772	0.012965
0.08755		0.003531	0.016843
0.0876		0.00366	0.017282
0.08765		0.003673	0.017409
0.0877		0.003662	0.017486
0.08775		0.003695	0.017445
0.0878		0.003649	0.017383
0.08785		0.003647	0.017395
0.0879		0.003723	0.017358
0.08795		0.003671	0.01739
0.088		0.003737	0.01739
0.08805		0.003678	0.017375
0.0881		0.003662	0.017294
0.08815		0.003477	0.015382
0.0882		0.002088	0.014422
0.08825		0.00169	0.014366
0.0883		0.001638	0.014214
0.08835		0.001607	0.014362
0.0884		0.001575	0.01422
0.08845		0.001637	0.014379
0.0885		0.001626	0.014157
0.08855		0.001657	0.014382
0.0886		0.001609	0.014156
0.08865		0.001634	0.014499
0.0887		0.001572	0.013952
0.08875		0.001603	0.014833
0.0888		0.001651	0.008123
0.08885		0.003619	0.001138
0.0889		0.004734	0.000854
0.08895		0.004775	0.000351
0.089		0.004863	0.000555
0.08905		0.004843	0.000329
0.0891		0.004839	0.000467
0.08915		0.004815	0.000391
0.0892		0.004856	0.000396
0.08925		0.004779	0.000472
0.0893		0.004758	0.000336
0.08935		0.004876	0.000515
0.0894		0.004789	1.92E-05
0.08945		0.004889	0.003255
0.0895		0.004513	0.008316
0.08955		0.003811	0.008652
0.0896		0.003696	0.009052
0.08965		0.003682	0.008711
0.0897		0.0037	0.008986
0.08975		0.003749	0.008846
0.0898		0.003733	0.009119
0.08985		0.003703	0.008805
0.0899		0.003659	0.009122
0.08995		0.003682	0.008675
0.09		0.003689	0.00914
0.09005		0.003673	0.008302
0.0901		0.003693	0.012474
0.09015		0.003636	0.031349
0.0902		0.003663	0.036432
0.09025		0.00364	0.037212
0.0903		0.003649	0.03722
0.09035		0.003671	0.037306
0.0904		0.003659	0.03722
0.09045		0.003641	0.037345
0.0905		0.003674	0.037186
0.09055		0.003584	0.037361
0.0906		0.003699	0.037146
0.09065		0.003618	0.03746
0.0907		0.00368	0.037093
0.09075		0.003648	0.037364
0.0908		0.00378	0.028069
0.09085		0.004571	0.022146
0.0909		0.00475	0.021876
0.09095		0.004763	0.021519
0.091		0.004783	0.02154
0.09105		0.004823	0.02153
0.0911		0.004764	0.021463
0.09115		0.00485	0.021559
0.0912		0.004838	0.021256
0.09125		0.004858	0.021643
0.0913		0.004849	0.021138
0.09135		0.004876	0.021984
0.0914		0.00482	0.020342
0.09145		0.004839	0.03102
0.0915		0.004336	0.046811
0.09155		0.0037	0.047638
0.0916		0.003675	0.049054
0.09165		0.003621	0.048185
0.0917		0.003706	0.048933
0.09175		0.003673	0.048285
0.0918		0.003662	0.048944
0.09185		0.003645	0.04827
0.0919		0.003601	0.049033
0.09195		0.003647	0.048037
0.092		0.003616	0.049347
0.09205		0.003706	0.047298
0.0921		0.003599	0.056876
0.09215		0.004117	0.07801
0.0922		0.004697	0.081073
0.09225		0.004745	0.082271
0.0923		0.004808	0.081923
0.09235		0.004761	0.082264
0.0924		0.004823	0.081961
0.09245		0.004821	0.082238
0.0925		0.004817	0.08202
0.09255		0.004824	0.082193
0.0926		0.00476	0.082068
0.09265		0.004791	0.082124
0.0927		0.004835	0.082242
0.09275		0.004813	0.081069
0.0928		0.004745	0.072025
0.09285		0.004812	0.068836
0.0929		0.004802	0.068526
0.09295		0.00478	0.0684
0.093		0.004757	0.068316
0.09305		0.004739	0.068423
0.0931		0.004815	0.068282
0.09315		0.004802	0.068352
0.0932		0.004791	0.068205
0.09325		0.004826	0.068497
0.0933		0.004809	0.068126
0.09335		0.004858	0.068548
0.0934		0.004761	0.067945
0.09345		0.004831	0.075795
0.0935		0.003501	0.081372
0.09355		0.00268	0.08168
0.0936		0.002691	0.081886
0.09365		0.002588	0.081994
0.0937		0.00261	0.081749
0.09375		0.002565	0.082019
0.0938		0.002631	0.081594
0.09385		0.002594	0.082174
0.0939		0.002642	0.081377
0.09395		0.002558	0.08245
0.094		0.002616	0.080838
0.09405		0.002595	0.083723
0.0941		0.002761	0.067169
0.09415		0.00206	0.041329
0.0942		0.000769	0.03922
0.09425		0.000653	0.0373
0.0943		0.000487	0.038152
0.09435		0.000507	0.037391
0.0944		0.000548	0.037993
0.09445		0.000511	0.037505
0.0945		0.000532	0.037882
0.09455		0.0005	0.037494
0.0946		0.000492	0.037763
0.09465		0.000496	0.037566
0.0947		0.000531	0.037577
0.09475		0.00051	0.038742
0.0948		0.000788	0.050544
0.09485		0.001423	0.054935
0.0949		0.001483	0.055216
0.09495		0.001572	0.055409
0.095		0.001545	0.055285
0.09505		0.001596	0.055408
0.0951		0.001561	0.055312
0.09515		0.001533	0.055452
0.0952		0.001512	0.055286
0.09525		0.001548	0.055359
0.0953		0.001537	0.05519
0.09535		0.001574	0.055483
0.0954		0.001513	0.055453
0.09545		0.001531	0.06453
0.0955		0.000303	0.069549
0.09555		-0.000344	0.069804
0.0956		-0.000288	0.07011
0.09565		-0.000382	0.069926
0.0957		-0.000326	0.069967
0.09575		-0.000347	0.069967
0.0958		-0.00031	0.069867
0.09585		-0.000367	0.070012
0.0959		-0.000354	0.069802
0.09595		-0.000374	0.070126
0.096		-0.000359	0.069553
0.09605		-0.000393	0.070558
0.0961		-0.000425	0.06351
0.09615		-0.000429	0.055047
0.0962		-0.000382	0.054557
0.09625		-0.000398	0.053905
0.0963		-0.000385	0.054247
0.09635		-0.000393	0.053986
0.0964		-0.000417	0.054162
0.09645		-0.000354	0.053944
0.0965		-0.000413	0.054082
0.09655		-0.000402	0.054049
0.0966		-0.000411	0.054082
0.09665		-0.000404	0.054029
0.0967		-0.000404	0.053936
0.09675		-0.000347	0.054659
0.0968		-0.000688	0.056639
0.09685		-0.001296	0.05692
0.0969		-0.00135	0.057111
0.09695		-0.001438	0.057057
0.097		-0.001391	0.05709
0.09705		-0.001376	0.057002
0.0971		-0.001405	0.05703
0.09715		-0.001437	0.056967
0.0972		-0.001387	0.057046
0.09725		-0.001386	0.057032
0.0973		-0.00136	0.057083
0.09735		-0.001379	0.056965
0.0974		-0.00137	0.056838
0.09745		-0.001426	0.054126
0.0975		-0.001448	0.052991
0.09755		-0.001401	0.052906
0.0976		-0.001374	0.052928
0.09765		-0.001387	0.052791
0.0977		-0.001439	0.052892
0.09775		-0.001386	0.052737
0.0978		-0.001386	0.052877
0.09785		-0.001387	0.052667
0.0979		-0.00143	0.05298
0.09795		-0.001446	0.052576
0.098		-0.001453	0.05308
0.09805		-0.001386	0.052168
0.0981		-0.001379	0.057245
0.09815		-0.000218	0.064313
0.0982		0.000462	0.064903
0.09825		0.000491	0.06535
0.0983		0.000448	0.065266
0.09835		0.000466	0.065274
0.0984		0.000513	0.065306
0.09845		0.000552	0.065128
0.0985		0.000463	0.065365
0.09855		0.000552	0.065076
0.0986		0.000528	0.06559
0.09865		0.000579	0.064692
0.0987		0.000437	0.066154
0.09875		0.000622	0.05829
0.0988		-0.000795	0.045184
0.09885		-0.002339	0.043909
0.0989		-0.002421	0.042941
0.09895		-0.002505	0.043332
0.099		-0.002396	0.043062
0.09905		-0.002437	0.043225
0.0991		-0.002458	0.043033
0.09915		-0.002451	0.043162
0.0992		-0.002432	0.043131
0.09925		-0.002425	0.043111
0.0993		-0.002479	0.043156
0.09935		-0.002389	0.042735
0.0994		-0.002535	0.045458
0.09945		-0.00187	0.061466
0.0995		7.68E-05	0.066451
0.09955		0.000414	0.067094
0.0996		0.000544	0.067161
0.09965		0.000577	0.067224
0.0997		0.000509	0.06715
0.09975		0.0005	0.067176
0.0998		0.000522	0.067089
0.09985		0.00052	0.067222
0.0999		0.000496	0.066969
0.09995		0.000559	0.067163
