0.00E+00	-0.007083	0.024168
5.00E-05	-0.006691	0.023728
1.00E-04	-0.006658	0.024323
0.00015		-0.006616	0.023636
0.0002		-0.006579	0.024483
0.00025		-0.006556	0.023205
0.0003		-0.00662	0.025347
0.00035		-0.00659	0.015265
0.0004		-0.006649	-0.009733
0.00045		-0.006536	-0.013695
0.0005		-0.006572	-0.015149
0.00055		-0.006595	-0.014763
0.0006		-0.006564	-0.015202
0.00065		-0.006582	-0.014951
0.0007		-0.006586	-0.015146
0.00075		-0.006579	-0.01495
0.0008		-0.006611	-0.015127
0.00085		-0.006606	-0.01505
0.0009		-0.006575	-0.015114
0.00095		-0.006579	-0.014974
0.001		-0.006569	-0.014899
0.00105		-0.006582	-0.012855
0.0011		-0.006572	-0.011953
0.00115		-0.006524	-0.011886
0.0012		-0.006538	-0.011884
0.00125		-0.006558	-0.011893
0.0013		-0.00668	-0.011909
0.00135		-0.007349	-0.011867
0.0014		-0.007581	-0.011891
0.00145		-0.007626	-0.011964
0.0015		-0.007558	-0.011834
0.00155		-0.007577	-0.011899
0.0016		-0.007606	-0.011742
0.00165		-0.007584	-0.011889
0.0017		-0.007576	-0.010704
0.00175		-0.007551	-0.009916
0.0018		-0.007603	-0.009724
0.00185		-0.007506	-0.009817
0.0019		-0.007581	-0.009687
0.00195		-0.007573	-0.009886
0.002		-0.007578	-0.009658
0.00205		-0.00758	-0.009879
0.0021		-0.007544	-0.009528
0.00215		-0.007573	-0.01003
0.0022		-0.007614	-0.009406
0.00225		-0.007626	-0.010249
0.0023		-0.007536	-0.008812
0.00235		-0.00754	-0.01617
0.0024		-0.007595	-0.030315
0.00245		-0.007577	-0.032046
0.0025		-0.007609	-0.033
0.00255		-0.00753	-0.032619
0.0026		-0.007578	-0.03298
0.00265		-0.007101	-0.032752
0.0027		-0.006564	-0.03294
0.00275		-0.006543	-0.032722
0.0028		-0.006557	-0.032817
0.00285		-0.006539	-0.032741
0.0029		-0.006552	-0.032796
0.00295		-0.006558	-0.032922
0.003		-0.006505	-0.031719
0.00305		-0.006506	-0.027392
0.0031		-0.006545	-0.02665
0.00315		-0.006546	-0.026343
0.0032		-0.006598	-0.026505
0.00325		-0.006595	-0.026264
0.0033		-0.006552	-0.026526
0.00335		-0.006563	-0.02622
0.0034		-0.006519	-0.026549
0.00345		-0.006583	-0.026145
0.0035		-0.006572	-0.026578
0.00355		-0.00659	-0.026044
0.0036		-0.006594	-0.026883
0.00365		-0.006589	-0.025683
0.0037		-0.006569	-0.041015
0.00375		-0.006512	-0.053729
0.0038		-0.006565	-0.053796
0.00385		-0.006552	-0.055135
0.0039		-0.006575	-0.054358
0.00395		-0.006646	-0.055054
0.004		-0.007951	-0.054432
0.00405		-0.008564	-0.055123
0.0041		-0.008607	-0.054393
0.00415		-0.008709	-0.055052
0.0042		-0.008735	-0.054229
0.00425		-0.00867	-0.055313
0.0043		-0.008648	-0.054078
0.00435		-0.008627	-0.073699
0.0044		-0.008653	-0.088108
0.00445		-0.008631	-0.088426
0.0045		-0.008666	-0.089619
0.00455		-0.00856	-0.089003
0.0046		-0.008697	-0.08949
0.00465		-0.006986	-0.089114
0.0047		-0.005544	-0.089323
0.00475		-0.005549	-0.089146
0.0048		-0.005434	-0.089235
0.00485		-0.005501	-0.089206
0.0049		-0.005474	-0.08915
0.00495		-0.005441	-0.089319
0.005		-0.005467	-0.087841
0.00505		-0.005423	-0.083773
0.0051		-0.005404	-0.083184
0.00515		-0.005381	-0.082875
0.0052		-0.005432	-0.082926
0.00525		-0.005325	-0.08279
0.0053		-0.005946	-0.082875
0.00535		-0.007266	-0.082767
0.0054		-0.0074	-0.082778
0.00545		-0.007503	-0.082768
0.0055		-0.007504	-0.082818
0.00555		-0.007466	-0.082832
0.0056		-0.007482	-0.082731
0.00565		-0.007548	-0.082989
0.0057		-0.00757	-0.084351
0.00575		-0.007518	-0.084722
0.0058		-0.007574	-0.084759
0.00585		-0.007465	-0.084829
0.0059		-0.00758	-0.08478
0.00595		-0.007053	-0.084703
0.006		-0.004192	-0.08473
0.00605		-0.003356	-0.084763
0.0061		-0.003218	-0.084674
0.00615		-0.003216	-0.08471
0.0062		-0.003238	-0.084626
0.00625		-0.003256	-0.08478
0.0063		-0.00322	-0.084547
0.00635		-0.003267	-0.088397
0.0064		-0.003242	-0.091782
0.00645		-0.003216	-0.091685
0.0065		-0.003219	-0.092137
0.00655		-0.003175	-0.091832
0.0066		-0.003275	-0.092114
0.00665		-0.00403	-0.091741
0.0067		-0.004353	-0.092169
0.00675		-0.004434	-0.091652
0.0068		-0.004398	-0.092222
0.00685		-0.004413	-0.09142
0.0069		-0.004391	-0.092473
0.00695		-0.004358	-0.090717
0.007		-0.004342	-0.10179
0.00705		-0.004384	-0.116116
0.0071		-0.004369	-0.117051
0.00715		-0.00435	-0.118186
0.0072		-0.004358	-0.117714
0.00725		-0.00444	-0.118161
0.0073		-0.003845	-0.117806
0.00735		-0.003283	-0.117991
0.0074		-0.003286	-0.11784
0.00745		-0.003268	-0.117816
0.0075		-0.003275	-0.11789
0.00755		-0.003285	-0.117685
0.0076		-0.003278	-0.118215
0.00765		-0.003227	-0.115031
0.0077		-0.00327	-0.106802
0.00775		-0.003172	-0.105708
0.0078		-0.003261	-0.105095
0.00785		-0.003224	-0.105301
0.0079		-0.003272	-0.104942
0.00795		-0.003041	-0.105288
0.008		-0.002352	-0.104984
0.00805		-0.002162	-0.105272
0.0081		-0.002189	-0.104874
0.00815		-0.002198	-0.105313
0.0082		-0.002156	-0.104695
0.00825		-0.002166	-0.105356
0.0083		-0.002262	-0.104874
0.00835		-0.002219	-0.124997
0.0084		-0.002156	-0.13755
0.00845		-0.002246	-0.137887
0.0085		-0.002193	-0.138833
0.00855		-0.002246	-0.13849
0.0086		-0.00224	-0.138732
0.00865		-0.002198	-0.138625
0.0087		-0.002166	-0.138579
0.00875		-0.002225	-0.138654
0.0088		-0.002224	-0.138393
0.00885		-0.002193	-0.138913
0.0089		-0.002235	-0.138112
0.00895		-0.002156	-0.139335
0.009		-0.002188	-0.12512
0.00905		-0.002178	-0.112299
0.0091		-0.002224	-0.111928
0.00915		-0.002244	-0.110772
0.0092		-0.00223	-0.111296
0.00925		-0.002154	-0.110839
0.0093		-0.002573	-0.111138
0.00935		-0.003113	-0.11093
0.0094		-0.003171	-0.110923
0.00945		-0.003191	-0.110916
0.0095		-0.003196	-0.110798
0.00955		-0.003204	-0.111167
0.0096		-0.003212	-0.110285
0.00965		-0.003255	-0.11452
0.0097		-0.00322	-0.128429
0.00975		-0.003239	-0.131193
0.0098		-0.003227	-0.131852
0.00985		-0.003187	-0.131756
0.0099		-0.00332	-0.131895
0.00995		-0.0024	-0.131814
0.01		-0.001269	-0.131788
0.01005		-0.00119	-0.131799
0.0101		-0.001101	-0.131752
0.01015		-0.001124	-0.131843
0.0102		-0.001041	-0.131652
0.01025		-0.001095	-0.132079
0.0103		-0.001097	-0.12974
0.01035		-0.001104	-0.119809
0.0104		-0.00105	-0.117254
0.01045		-0.001139	-0.116786
0.0105		-0.001101	-0.116782
0.01055		-0.001115	-0.116771
0.0106		-0.001025	-0.116751
0.01065		-0.000315	-0.116635
0.0107		-0.000119	-0.11672
0.01075		-0.00014	-0.116649
0.0108		-9.46E-05	-0.116748
0.01085		-7.27E-05	-0.116611
0.0109		-0.0001	-0.116642
0.01095		-8.36E-05	-0.116855
0.011		-8.64E-05	-0.1236
0.01105		-0.000127	-0.126802
0.0111		-9.87E-05	-0.12693
0.01115		-0.000114	-0.127078
0.0112		-9.46E-05	-0.127113
0.01125		-0.000112	-0.12703
0.0113		-0.000127	-0.127098
0.01135		-0.000119	-0.126917
0.0114		-0.000125	-0.127117
0.01145		-0.000123	-0.126825
0.0115		-6.03E-05	-0.127161
0.01155		-5.21E-05	-0.126544
0.0116		-7.95E-05	-0.127611
0.01165		-0.000147	-0.121534
0.0117		-0.00011	-0.10981
0.01175		-0.000147	-0.108654
0.0118		-9.60E-05	-0.107718
0.01185		-8.09E-05	-0.108158
0.0119		-8.91E-05	-0.107701
0.01195		-8.50E-05	-0.1081
0.012		-3.84E-05	-0.10766
0.01205		-0.000112	-0.108075
0.0121		-8.77E-05	-0.107631
0.01215		-0.000152	-0.108255
0.0122		-0.000101	-0.107383
0.01225		-9.19E-05	-0.108625
0.0123		-7.40E-05	-0.103236
0.01235		-0.000129	-0.087443
0.0124		-8.23E-05	-0.084341
0.01245		-0.000181	-0.083631
0.0125		-3.98E-05	-0.083754
0.01255		-0.000214	-0.083507
0.0126		0.000805	-0.083625
0.01265		0.004216	-0.083498
0.0127		0.004869	-0.083636
0.01275		0.00503	-0.083499
0.0128		0.005013	-0.083522
0.01285		0.005081	-0.083429
0.0129		0.005033	-0.08358
0.01295		0.005081	-0.083284
0.013		0.005057	-0.079966
0.01305		0.005057	-0.078273
0.0131		0.005038	-0.078417
0.01315		0.005122	-0.078055
0.0132		0.00502	-0.078295
0.01325		0.00507	-0.078047
0.0133		0.003928	-0.078365
0.01335		0.002898	-0.077984
0.0134		0.002902	-0.07838
0.01345		0.002795	-0.077761
0.0135		0.002906	-0.078521
0.01355		0.002871	-0.077403
0.0136		0.002887	-0.079037
0.01365		0.002875	-0.063712
0.0137		0.002854	-0.048976
0.01375		0.002846	-0.048474
0.0138		0.002862	-0.047257
0.01385		0.002889	-0.047838
0.0139		0.002764	-0.047347
0.01395		0.003318	-0.047627
0.014		0.003836	-0.047373
0.01405		0.003844	-0.04751
0.0141		0.003902	-0.047431
0.01415		0.003908	-0.047432
0.0142		0.003878	-0.047538
0.01425		0.003843	-0.047174
0.0143		0.003902	-0.04949
0.01435		0.003856	-0.055774
0.0144		0.003812	-0.056487
0.01445		0.003856	-0.057006
0.0145		0.003896	-0.056735
0.01455		0.003781	-0.056978
0.0146		0.004492	-0.056695
0.01465		0.005858	-0.057019
0.0147		0.006018	-0.056691
0.01475		0.006083	-0.057093
0.0148		0.006091	-0.056566
0.01485		0.00607	-0.057137
0.0149		0.006037	-0.056483
0.01495		0.006031	-0.05648
0.015		0.006069	-0.031354
0.01505		0.006072	-0.017039
0.0151		0.005988	-0.016657
0.01515		0.006059	-0.015582
0.0152		0.006068	-0.015935
0.01525		0.006053	-0.015652
0.0153		0.005342	-0.015863
0.01535		0.00499	-0.015683
0.0154		0.005013	-0.015676
0.01545		0.005061	-0.015876
0.0155		0.004953	-0.015587
0.01555		0.00495	-0.01603
0.0156		0.004987	-0.015626
0.01565		0.005022	-0.031161
0.0157		0.004961	-0.041155
0.01575		0.005026	-0.041396
0.0158		0.004983	-0.042143
0.01585		0.005015	-0.041913
0.0159		0.005072	-0.042024
0.01595		0.006901	-0.042044
0.016		0.008017	-0.041925
0.01605		0.008009	-0.042198
0.0161		0.008083	-0.041711
0.01615		0.008116	-0.042519
0.0162		0.008154	-0.041297
0.01625		0.008127	-0.043337
0.0163		0.008145	-0.029145
0.01635		0.008105	-0.010593
0.0164		0.008064	-0.009585
0.01645		0.008132	-0.008007
0.0165		0.008068	-0.008766
0.01655		0.008172	-0.008121
0.0166		0.007138	-0.008524
0.01665		0.006143	-0.008254
0.0167		0.006096	-0.008428
0.01675		0.005998	-0.008262
0.0168		0.006003	-0.008306
0.01685		0.006	-0.008393
0.0169		0.006021	-0.008044
0.01695		0.005985	-0.010327
0.017		0.006007	-0.018742
0.01705		0.006013	-0.020324
0.0171		0.005995	-0.020849
0.01715		0.005985	-0.020628
0.0172		0.005939	-0.020917
0.01725		0.005932	-0.020679
0.0173		0.006017	-0.020946
0.01735		0.006029	-0.020688
0.0174		0.005994	-0.020952
0.01745		0.005965	-0.020723
0.0175		0.006025	-0.021046
0.01755		0.006009	-0.02072
0.0176		0.006021	-0.01946
0.01765		0.005991	0.011847
0.0177		0.005991	0.027207
0.01775		0.005933	0.027674
0.0178		0.006022	0.028814
0.01785		0.006016	0.028323
0.0179		0.00625	0.028734
0.01795		0.007578	0.028493
0.018		0.007972	0.028623
0.01805		0.007996	0.028557
0.0181		0.008049	0.028516
0.01815		0.008105	0.028674
0.0182		0.008062	0.028226
0.01825		0.008053	0.029092
0.0183		0.008055	0.024314
0.01835		0.008057	0.016175
0.0184		0.008029	0.015458
0.01845		0.008087	0.014932
0.0185		0.008051	0.015053
0.01855		0.008099	0.014929
0.0186		0.008032	0.01498
0.01865		0.008087	0.014969
0.0187		0.008088	0.014931
0.01875		0.00804	0.015054
0.0188		0.008113	0.014787
0.01885		0.008034	0.015136
0.0189		0.008091	0.014362
0.01895		0.008032	0.018831
0.019		0.008129	0.027211
0.01905		0.008039	0.028032
0.0191		0.008073	0.02862
0.01915		0.008065	0.028339
0.0192		0.008076	0.028593
0.01925		0.007725	0.028455
0.0193		0.007119	0.02857
0.01935		0.007037	0.028437
0.0194		0.006968	0.028545
0.01945		0.007003	0.028479
0.0195		0.007045	0.028538
0.01955		0.007033	0.0284
0.0196		0.006989	0.028476
0.01965		0.006979	0.027665
0.0197		0.006975	0.027496
0.01975		0.006946	0.027389
0.0198		0.006966	0.027557
0.01985		0.006997	0.027358
0.0199		0.007221	0.027485
0.01995		0.008578	0.027404
0.02		0.008985	0.027478
0.02005		0.009007	0.027293
0.0201		0.008979	0.027609
0.02015		0.009	0.027218
0.0202		0.009032	0.027736
0.02025		0.009052	0.027138
0.0203		0.009008	0.040882
0.02035		0.00903	0.050691
0.0204		0.008997	0.05077
0.02045		0.00903	0.051738
0.0205		0.008968	0.051165
0.02055		0.00892	0.051664
0.0206		0.007724	0.05114
0.02065		0.00706	0.051578
0.0207		0.007037	0.05122
0.02075		0.006948	0.051668
0.0208		0.00697	0.051044
0.02085		0.006952	0.0518
0.0209		0.007019	0.050538
0.02095		0.00696	0.056135
0.021		0.007037	0.069568
0.02105		0.006971	0.071637
0.0211		0.007086	0.072417
0.02115		0.006912	0.072095
0.0212		0.007127	0.072392
0.02125		0.005717	0.072177
0.0213		0.003959	0.072459
0.02135		0.003859	0.072232
0.0214		0.003736	0.072425
0.02145		0.003769	0.072089
0.0215		0.00373	0.072533
0.02155		0.003681	0.071814
0.0216		0.003688	0.075042
0.02165		0.00377	0.088234
0.0217		0.003718	0.091553
0.02175		0.003747	0.09207
0.0218		0.003788	0.092061
0.02185		0.003723	0.092177
0.0219		0.004	0.092062
0.02195		0.004701	0.09217
0.022		0.00485	0.092017
0.02205		0.004868	0.092102
0.0221		0.0048	0.091951
0.02215		0.00489	0.092222
0.0222		0.004856	0.091812
0.02225		0.004927	0.092007
0.0223		0.004869	0.080675
0.02235		0.004876	0.073722
0.0224		0.00492	0.07359
0.02245		0.00492	0.072958
0.0225		0.004894	0.073243
0.02255		0.004906	0.072951
0.0226		0.004868	0.073132
0.02265		0.004845	0.073062
0.0227		0.004894	0.073091
0.02275		0.004845	0.073006
0.0228		0.004898	0.073027
0.02285		0.004869	0.07305
0.0229		0.004879	0.072932
0.02295		0.004865	0.076094
0.023		0.004831	0.079144
0.02305		0.004876	0.079007
0.0231		0.004843	0.079441
0.02315		0.004863	0.079133
0.0232		0.004922	0.079415
0.02325		0.004883	0.079038
0.0233		0.004857	0.079447
0.02335		0.004813	0.078963
0.0234		0.004845	0.07958
0.02345		0.004853	0.078838
0.0235		0.004843	0.079833
0.02355		0.004805	0.077958
0.0236		0.004831	0.086101
0.02365		0.004886	0.111559
0.0237		0.004882	0.116726
0.02375		0.004876	0.11794
0.0238		0.004852	0.117794
0.02385		0.004926	0.118112
0.0239		0.0049	0.117792
0.02395		0.004894	0.117945
0.024		0.004922	0.117887
0.02405		0.004933	0.117995
0.0241		0.004871	0.117792
0.02415		0.004784	0.117936
0.0242		0.004837	0.117685
0.02425		0.004801	0.118616
0.0243		0.004804	0.123427
0.02435		0.0048	0.124918
0.0244		0.004793	0.125054
0.02445		0.004776	0.125024
0.0245		0.004905	0.125084
0.02455		0.004605	0.12498
0.0246		0.003847	0.12506
0.02465		0.003743	0.124842
0.0247		0.003717	0.125038
0.02475		0.003667	0.124776
0.0248		0.003677	0.125018
0.02485		0.003688	0.124635
0.0249		0.003667	0.125239
0.02495		0.003663	0.113899
0.025		0.003719	0.105628
0.02505		0.003699	0.105461
0.0251		0.003656	0.104648
0.02515		0.00361	0.105027
0.0252		0.003719	0.1047
0.02525		0.001492	0.104962
0.0253		-0.000151	0.104661
0.02535		-0.000245	0.10494
0.0254		-0.000384	0.104655
0.02545		-0.000248	0.104883
0.0255		-0.000328	0.104499
0.02555		-0.000296	0.104998
0.0256		-0.00035	0.102571
0.02565		-0.00033	0.098969
0.0257		-0.000326	0.098516
0.02575		-0.000322	0.098343
0.0258		-0.000336	0.0984
0.02585		-0.000317	0.098309
0.0259		-0.000352	0.098316
0.02595		-0.000266	0.098219
0.026		-0.00028	0.098217
0.02605		-0.000356	0.098272
0.0261		-0.000293	0.098193
0.02615		-0.000341	0.098252
0.0262		-0.000322	0.098092
0.02625		-0.000326	0.098855
0.0263		-0.000302	0.102463
0.02635		-0.000276	0.103265
0.0264		-0.000336	0.103454
0.02645		-0.000325	0.103431
0.0265		-0.000396	0.103499
0.02655		-4.39E-05	0.103349
0.0266		0.001216	0.103369
0.02665		0.00155	0.103239
0.0267		0.00156	0.103375
0.02675		0.001592	0.103187
0.0268		0.001622	0.103395
0.02685		0.001588	0.103176
0.0269		0.001615	0.102393
0.02695		0.001656	0.084919
0.027		0.001653	0.076783
0.02705		0.001549	0.076302
0.0271		0.001564	0.075828
0.02715		0.001589	0.075891
0.0272		0.001544	0.075859
0.02725		0.000905	0.075744
0.0273		0.000562	0.07603
0.02735		0.000559	0.075564
0.0274		0.000561	0.076103
0.02745		0.000554	0.07525
0.0275		0.000524	0.076492
0.02755		0.000559	0.074469
0.0276		0.000565	0.090622
0.02765		0.000618	0.108587
0.0277		0.000618	0.109269
0.02775		0.000639	0.11086
0.0278		0.000502	0.110017
0.02785		0.00065	0.110655
0.0279		-0.002248	0.110147
0.02795		-0.004329	0.110513
0.028		-0.004428	0.11018
0.02805		-0.00459	0.110439
0.0281		-0.004564	0.110326
0.02815		-0.004609	0.110363
0.0282		-0.004602	0.110366
0.02825		-0.004612	0.109567
0.0283		-0.004582	0.105194
0.02835		-0.004608	0.104089
0.0284		-0.00458	0.1038
0.02845		-0.004554	0.10389
0.0285		-0.004661	0.103768
0.02855		-0.003963	0.103813
0.0286		-0.002569	0.10376
0.02865		-0.002413	0.103839
0.0287		-0.002329	0.103767
0.02875		-0.002416	0.103835
0.0288		-0.002303	0.103624
0.02885		-0.002388	0.103928
0.0289		-0.002395	0.102508
0.02895		-0.002403	0.094794
0.029		-0.002368	0.092451
0.02905		-0.002391	0.092184
0.0291		-0.002411	0.092143
0.02915		-0.002379	0.092034
0.0292		-0.002391	0.092158
0.02925		-0.004351	0.091969
0.0293		-0.005433	0.092133
0.02935		-0.005518	0.091849
0.0294		-0.005614	0.092147
0.02945		-0.005551	0.091786
0.0295		-0.005537	0.092274
0.02955		-0.005569	0.091845
0.0296		-0.005586	0.104305
0.02965		-0.005548	0.112324
0.0297		-0.005581	0.112516
0.02975		-0.005612	0.113174
0.0298		-0.005618	0.112802
0.02985		-0.005574	0.11296
0.0299		-0.004871	0.112971
0.02995		-0.004656	0.112926
0.03		-0.00462	0.112949
0.03005		-0.004608	0.112801
0.0301		-0.004539	0.113118
0.03015		-0.004535	0.112613
0.0302		-0.004525	0.113539
0.03025		-0.004484	0.104974
0.0303		-0.004536	0.095796
0.03035		-0.004524	0.095518
0.0304		-0.004561	0.094599
0.03045		-0.004597	0.095001
0.0305		-0.004557	0.09462
0.03055		-0.004551	0.09499
0.0306		-0.004546	0.094671
0.03065		-0.004501	0.094885
0.0307		-0.004549	0.09463
0.03075		-0.004565	0.094869
0.0308		-0.00455	0.094587
0.03085		-0.004599	0.095004
0.0309		-0.00451	0.093341
0.03095		-0.004505	0.086425
0.031		-0.004565	0.084521
0.03105		-0.004492	0.084249
0.0311		-0.004577	0.084256
0.03115		-0.004575	0.084198
0.0312		-0.004556	0.084145
0.03125		-0.004529	0.084126
0.0313		-0.00449	0.084159
0.03135		-0.004502	0.084131
0.0314		-0.004543	0.084178
0.03145		-0.004583	0.084022
0.0315		-0.004539	0.084248
0.03155		-0.004546	0.083362
0.0316		-0.004525	0.075334
0.03165		-0.004569	0.071705
0.0317		-0.004547	0.071742
0.03175		-0.004514	0.071262
0.0318		-0.004479	0.071613
0.03185		-0.004689	0.071147
0.0319		-0.005312	0.071661
0.03195		-0.0055	0.070988
0.032		-0.00546	0.071675
0.03205		-0.005486	0.07085
0.0321		-0.005514	0.071904
0.03215		-0.005588	0.070354
0.0322		-0.005615	0.072798
0.03225		-0.00556	0.051227
0.0323		-0.005566	0.029435
0.03235		-0.00556	0.028633
0.0324		-0.00556	0.026746
0.03245		-0.005573	0.027647
0.0325		-0.0056	0.026897
0.03255		-0.006124	0.027483
0.0326		-0.00659	0.026889
0.03265		-0.006594	0.027382
0.0327		-0.006576	0.027011
0.03275		-0.006624	0.027284
0.0328		-0.006646	0.026962
0.03285		-0.006631	0.027251
0.0329		-0.006617	0.026827
0.03295		-0.006646	0.026395
0.033		-0.006648	0.026108
0.03305		-0.006582	0.026243
0.0331		-0.006595	0.026049
0.03315		-0.006552	0.026146
0.0332		-0.006786	0.026016
0.03325		-0.007462	0.026153
0.0333		-0.007624	0.025986
0.03335		-0.007661	0.026177
0.0334		-0.007702	0.02588
0.03345		-0.007651	0.02623
0.0335		-0.00758	0.025947
0.03355		-0.007551	0.024876
0.0336		-0.007646	-0.003607
0.03365		-0.007644	-0.017927
0.0337		-0.007576	-0.018369
0.03375		-0.007592	-0.019549
0.0338		-0.007688	-0.018991
0.03385		-0.007271	-0.019354
0.0339		-0.005924	-0.019051
0.03395		-0.005573	-0.019289
0.034		-0.005558	-0.019141
0.03405		-0.005589	-0.019242
0.0341		-0.005501	-0.01916
0.03415		-0.005464	-0.019167
0.0342		-0.005478	-0.019286
0.03425		-0.005503	-0.015994
0.0343		-0.005552	-0.013088
0.03435		-0.005567	-0.013169
0.0344		-0.005441	-0.012828
0.03445		-0.00546	-0.013021
0.0345		-0.005619	-0.012878
0.03455		-0.007689	-0.013046
0.0346		-0.00857	-0.012904
0.03465		-0.008659	-0.013004
0.0347		-0.008715	-0.01287
0.03475		-0.008686	-0.012984
0.0348		-0.008723	-0.012792
0.03485		-0.00867	-0.01307
0.0349		-0.008748	-0.012039
0.03495		-0.008701	-0.01018
0.035		-0.008678	-0.009762
0.03505		-0.008661	-0.00977
0.0351		-0.008741	-0.009725
0.03515		-0.00874	-0.009831
0.0352		-0.008153	-0.009747
0.03525		-0.00762	-0.009858
0.0353		-0.007555	-0.009707
0.03535		-0.007548	-0.009872
0.0354		-0.007513	-0.009547
0.03545		-0.007563	-0.009977
0.0355		-0.007646	-0.009189
0.03555		-0.00758	-0.012933
0.0356		-0.007641	-0.029787
0.03565		-0.007517	-0.034107
0.0357		-0.007574	-0.034779
0.03575		-0.007547	-0.034802
0.0358		-0.007663	-0.034951
0.03585		-0.007055	-0.03482
0.0359		-0.005752	-0.034942
0.03595		-0.005558	-0.03479
0.036		-0.005488	-0.034988
0.03605		-0.005507	-0.03475
0.0361		-0.005481	-0.035053
0.03615		-0.005466	-0.034759
0.0362		-0.005458	-0.034901
0.03625		-0.005515	-0.027949
0.0363		-0.005478	-0.023739
0.03635		-0.005422	-0.023437
0.0364		-0.005458	-0.023198
0.03645		-0.005463	-0.02323
0.0365		-0.005537	-0.023336
0.03655		-0.006244	-0.023109
0.0366		-0.006483	-0.023434
0.03665		-0.006565	-0.023068
0.0367		-0.006545	-0.023597
0.03675		-0.006506	-0.022846
0.0368		-0.006556	-0.023873
0.03685		-0.006572	-0.022102
0.0369		-0.006583	-0.037431
0.03695		-0.006543	-0.054222
0.037		-0.006554	-0.054595
0.03705		-0.006561	-0.056195
0.0371		-0.006554	-0.055257
0.03715		-0.006465	-0.056185
0.0372		-0.007788	-0.055287
0.03725		-0.008545	-0.056209
0.0373		-0.008559	-0.055309
0.03735		-0.008634	-0.056203
0.0374		-0.008627	-0.055145
0.03745		-0.008661	-0.056654
0.0375		-0.008678	-0.054206
0.03755		-0.008644	-0.067853
0.0376		-0.008693	-0.086756
0.03765		-0.008639	-0.088159
0.0377		-0.008761	-0.089578
0.03775		-0.008543	-0.088944
0.0378		-0.008737	-0.089469
0.03785		-0.007296	-0.089077
0.0379		-0.005651	-0.089424
0.03795		-0.005549	-0.089172
0.038		-0.005441	-0.089328
0.03805		-0.005441	-0.089184
0.0381		-0.005434	-0.089258
0.03815		-0.005441	-0.089146
0.0382		-0.005399	-0.088788
0.03825		-0.005433	-0.085172
0.0383		-0.00546	-0.084109
0.03835		-0.005452	-0.083882
0.0384		-0.005541	-0.083979
0.03845		-0.00541	-0.083912
0.0385		-0.005726	-0.083906
0.03855		-0.007137	-0.083878
0.0386		-0.007439	-0.083909
0.03865		-0.007563	-0.083791
0.0387		-0.007544	-0.083945
0.03875		-0.007495	-0.083749
0.0388		-0.007504	-0.083921
0.03885		-0.007506	-0.083657
0.0389		-0.007496	-0.086363
0.03895		-0.00758	-0.088753
0.039		-0.007496	-0.088772
0.03905		-0.007522	-0.088972
0.0391		-0.007547	-0.088881
0.03915		-0.007338	-0.088998
0.0392		-0.005336	-0.088964
0.03925		-0.004547	-0.088921
0.0393		-0.00442	-0.088829
0.03935		-0.004365	-0.088848
0.0394		-0.004383	-0.08887
0.03945		-0.004395	-0.088869
0.0395		-0.004405	-0.088809
0.03955		-0.004388	-0.089142
0.0396		-0.004423	-0.089831
0.03965		-0.004332	-0.089808
0.0397		-0.004353	-0.089945
0.03975		-0.004362	-0.089778
0.0398		-0.004381	-0.089911
0.03985		-0.004351	-0.089705
0.0399		-0.004379	-0.089908
0.03995		-0.004424	-0.08956
0.04		-0.004395	-0.089977
0.04005		-0.004328	-0.089404
0.0401		-0.004372	-0.090248
0.04015		-0.004394	-0.088769
0.0402		-0.004409	-0.095496
0.04025		-0.004416	-0.113811
0.0403		-0.004399	-0.117014
0.04035		-0.004398	-0.117951
0.0404		-0.004398	-0.117712
0.04045		-0.004379	-0.118034
0.0405		-0.004327	-0.117794
0.04055		-0.004324	-0.117954
0.0406		-0.004362	-0.117798
0.04065		-0.004423	-0.117908
0.0407		-0.004369	-0.117832
0.04075		-0.00434	-0.11778
0.0408		-0.004405	-0.11793
0.04085		-0.004409	-0.11666
0.0409		-0.004402	-0.107501
0.04095		-0.004381	-0.104555
0.041		-0.004377	-0.104186
0.04105		-0.004349	-0.104188
0.0411		-0.004361	-0.104005
0.04115		-0.004195	-0.104227
0.0412		-0.002746	-0.103909
0.04125		-0.002167	-0.104316
0.0413		-0.002135	-0.103879
0.04135		-0.00214	-0.104347
0.0414		-0.002156	-0.103661
0.04145		-0.002139	-0.104544
0.0415		-0.00214	-0.103255
0.04155		-0.002137	-0.119986
0.0416		-0.002182	-0.133296
0.04165		-0.002185	-0.133665
0.0417		-0.002189	-0.134735
0.04175		-0.002182	-0.134193
0.0418		-0.002191	-0.134517
0.04185		-0.002167	-0.13442
0.0419		-0.002154	-0.134448
0.04195		-0.002193	-0.134452
0.042		-0.002122	-0.134182
0.04205		-0.00214	-0.134575
0.0421		-0.002173	-0.133964
0.04215		-0.002139	-0.1351
0.0422		-0.002158	-0.129001
0.04225		-0.00217	-0.112617
0.0423		-0.002221	-0.109736
0.04235		-0.002176	-0.108779
0.0424		-0.002177	-0.109041
0.04245		-0.002155	-0.108769
0.0425		-0.002184	-0.108935
0.04255		-0.002154	-0.108847
0.0426		-0.002193	-0.108799
0.04265		-0.002154	-0.108829
0.0427		-0.002132	-0.108643
0.04275		-0.002176	-0.108943
0.0428		-0.002133	-0.108325
0.04285		-0.002155	-0.11171
0.0429		-0.002166	-0.127893
0.04295		-0.00214	-0.13224
0.043		-0.002196	-0.132875
0.04305		-0.002114	-0.132846
0.0431		-0.002192	-0.133005
0.04315		-0.001893	-0.132807
0.0432		-0.001256	-0.133005
0.04325		-0.001124	-0.132871
0.0433		-0.001112	-0.133045
0.04335		-0.00115	-0.132724
0.0434		-0.001106	-0.133067
0.04345		-0.001163	-0.132542
0.0435		-0.001139	-0.133037
0.04355		-0.001127	-0.123893
0.0436		-0.00112	-0.117356
0.04365		-0.001075	-0.11714
0.0437		-0.001095	-0.116733
0.04375		-0.001099	-0.116826
0.0438		-0.001112	-0.116697
0.04385		-0.000407	-0.116719
0.0439		-4.39E-05	-0.116771
0.04395		-9.46E-05	-0.116594
0.044		-8.91E-05	-0.116735
0.04405		-8.77E-05	-0.116545
0.0441		-9.05E-05	-0.116931
0.04415		-6.58E-05	-0.116016
0.0442		-6.31E-05	-0.120219
0.04425		-6.03E-05	-0.12801
0.0443		-8.77E-05	-0.128842
0.04435		-9.32E-05	-0.129322
0.0444		-0.000119	-0.129246
0.04445		5.48E-06	-0.129283
0.0445		-0.000537	-0.129256
0.04455		-0.00098	-0.129042
0.0446		-0.001087	-0.129338
0.04465		-0.00116	-0.128935
0.0447		-0.001182	-0.129427
0.04475		-0.001168	-0.128614
0.0448		-0.001106	-0.130073
0.04485		-0.00111	-0.122936
0.0449		-0.001108	-0.105371
0.04495		-0.001049	-0.10257
0.045		-0.001093	-0.10157
0.04505		-0.001058	-0.101802
0.0451		-0.001149	-0.101461
0.04515		-0.000625	-0.101639
0.0452		0.000606	-0.101485
0.04525		0.000761	-0.101628
0.0453		0.000849	-0.101572
0.04535		0.000825	-0.101542
0.0454		0.000831	-0.101523
0.04545		0.000814	-0.101365
0.0455		0.000835	-0.101165
0.04555		0.000829	-0.090271
0.0456		0.000818	-0.084097
0.04565		0.000794	-0.08402
0.0457		0.000839	-0.083427
0.04575		0.000747	-0.083751
0.0458		0.001156	-0.083512
0.04585		0.003131	-0.083669
0.0459		0.003777	-0.083517
0.04595		0.003885	-0.083588
0.046		0.003921	-0.083464
0.04605		0.003873	-0.083562
0.0461		0.003899	-0.083499
0.04615		0.003924	-0.083561
0.0462		0.003904	-0.081842
0.04625		0.003856	-0.080395
0.0463		0.003877	-0.080426
0.04635		0.003914	-0.080171
0.0464		0.003906	-0.080395
0.04645		0.00398	-0.080128
0.0465		0.003494	-0.080383
0.04655		0.002982	-0.080047
0.0466		0.00295	-0.080464
0.04665		0.002936	-0.079895
0.0467		0.002913	-0.080537
0.04675		0.002912	-0.079587
0.0468		0.002886	-0.081274
0.04685		0.002912	-0.073264
0.0469		0.00289	-0.053633
0.04695		0.002871	-0.050689
0.047		0.002875	-0.049516
0.04705		0.002876	-0.049889
0.0471		0.002867	-0.049447
0.04715		0.00329	-0.04975
0.0472		0.003825	-0.049461
0.04725		0.003891	-0.049719
0.0473		0.003932	-0.04951
0.04735		0.003925	-0.049705
0.0474		0.003945	-0.049428
0.04745		0.003904	-0.049675
0.0475		0.003885	-0.049569
0.04755		0.003918	-0.054784
0.0476		0.003925	-0.057601
0.04765		0.003906	-0.057889
0.0477		0.003962	-0.057984
0.04775		0.00388	-0.058015
0.0478		0.004091	-0.057928
0.04785		0.004826	-0.058092
0.0479		0.005016	-0.05781
0.04795		0.005101	-0.058105
0.048		0.005109	-0.057762
0.04805		0.005059	-0.058206
0.0481		0.00499	-0.057511
0.04815		0.005053	-0.057837
0.0482		0.005064	-0.035092
0.04825		0.005057	-0.021219
0.0483		0.005037	-0.020853
0.04835		0.005055	-0.019688
0.0484		0.005076	-0.020214
0.04845		0.005055	-0.019773
0.0485		0.005023	-0.020078
0.04855		0.005075	-0.019978
0.0486		0.005066	-0.019943
0.04865		0.005046	-0.02006
0.0487		0.005016	-0.0197
0.04875		0.005059	-0.020167
0.0488		0.005013	-0.019242
0.04885		0.005074	-0.024475
0.0489		0.005009	-0.034998
0.04895		0.005045	-0.036125
0.049		0.005002	-0.036875
0.04905		0.005094	-0.036561
0.0491		0.004868	-0.036927
0.04915		0.006105	-0.036757
0.0492		0.007866	-0.036812
0.04925		0.008005	-0.036817
0.0493		0.008119	-0.036724
0.04935		0.008001	-0.036784
0.0494		0.008113	-0.036611
0.04945		0.008179	-0.037172
0.0495		0.008149	-0.034037
0.04955		0.008125	-0.016443
0.0496		0.008113	-0.011222
0.04965		0.008114	-0.010582
0.0497		0.008088	-0.010475
0.04975		0.008204	-0.010418
0.0498		0.007536	-0.010416
0.04985		0.006224	-0.010349
0.0499		0.006048	-0.010382
0.04995		0.006048	-0.010328
0.05		0.006047	-0.010468
0.05005		0.005994	-0.010306
0.0501		0.005977	-0.010423
0.05015		0.006025	-0.010699
0.0502		0.00608	-0.017395
0.05025		0.006017	-0.020407
0.0503		0.006005	-0.02079
0.05035		0.006035	-0.020779
0.0504		0.006062	-0.020952
0.05045		0.006122	-0.020651
0.0505		0.006802	-0.02099
0.05055		0.007037	-0.020502
0.0506		0.007099	-0.021108
0.05065		0.007088	-0.020246
0.0507		0.007111	-0.021445
0.05075		0.007093	-0.019866
0.0508		0.007066	-0.022431
0.05085		0.007107	0.000469
0.0509		0.007055	0.023278
0.05095		0.007092	0.023931
0.051		0.00709	0.025916
0.05105		0.007097	0.024989
0.0511		0.007067	0.025774
0.05115		0.007613	0.025245
0.0512		0.00801	0.025665
0.05125		0.008014	0.025344
0.0513		0.008077	0.025544
0.05135		0.008069	0.025382
0.0514		0.008091	0.025432
0.05145		0.008106	0.025672
0.0515		0.008086	0.023793
0.05155		0.008065	0.01526
0.0516		0.00812	0.013314
0.05165		0.008061	0.012878
0.0517		0.008173	0.012896
0.05175		0.008094	0.012785
0.0518		0.008018	0.012893
0.05185		0.008062	0.012889
0.0519		0.008092	0.012797
0.05195		0.008117	0.012852
0.052		0.008084	0.012722
0.05205		0.008061	0.01298
0.0521		0.008057	0.012522
0.05215		0.008043	0.014995
0.0522		0.008047	0.027681
0.05225		0.00801	0.031143
0.0523		0.008032	0.031616
0.05235		0.008009	0.031717
0.0524		0.008088	0.03179
0.05245		0.007884	0.031732
0.0525		0.007259	0.031712
0.05255		0.007051	0.031676
0.0526		0.007086	0.031734
0.05265		0.007082	0.031593
0.0527		0.007042	0.031769
0.05275		0.007025	0.031597
0.0528		0.007009	0.03173
0.05285		0.006979	0.028046
0.0529		0.007015	0.02564
0.05295		0.007042	0.025513
0.053		0.006993	0.025345
0.05305		0.007	0.025227
0.0531		0.007055	0.025332
0.05315		0.007761	0.025208
0.0532		0.008038	0.025371
0.05325		0.008043	0.025195
0.0533		0.007981	0.025452
0.05335		0.008002	0.025044
0.0534		0.008046	0.025688
0.05345		0.00801	0.024487
0.0535		0.008046	0.030109
0.05355		0.008028	0.049601
0.0536		0.008053	0.053646
0.05365		0.008069	0.054602
0.0537		0.007995	0.054417
0.05375		0.008099	0.054722
0.0538		0.007662	0.054536
0.05385		0.007068	0.054738
0.0539		0.007034	0.0545
0.05395		0.006975	0.054762
0.054		0.007041	0.054351
0.05405		0.006946	0.054839
0.0541		0.007008	0.054058
0.05415		0.007004	0.0572
0.0542		0.006964	0.068974
0.05425		0.006983	0.071851
0.0543		0.00697	0.072266
0.05435		0.006911	0.072421
0.0544		0.006989	0.07234
0.05445		0.006671	0.072417
0.0545		0.006031	0.072284
0.05455		0.005939	0.072485
0.0546		0.005946	0.07216
0.05465		0.005963	0.072418
0.0547		0.005913	0.072034
0.05475		0.005902	0.072687
0.0548		0.005948	0.071735
0.05485		0.005918	0.083173
0.0549		0.00594	0.092339
0.05495		0.005977	0.092627
0.055		0.005891	0.093305
0.05505		0.005942	0.093105
0.0551		0.005924	0.093159
0.05515		0.005906	0.093165
0.0552		0.005977	0.093123
0.05525		0.005961	0.093267
0.0553		0.00597	0.092964
0.05535		0.005909	0.093479
0.0554		0.005906	0.092606
0.05545		0.005943	0.093932
0.0555		0.005973	0.083745
0.05555		0.005931	0.071372
0.0556		0.005817	0.070761
0.05565		0.005887	0.06966
0.0557		0.005859	0.070145
0.05575		0.005942	0.069745
0.0558		0.005416	0.070019
0.05585		0.004968	0.069807
0.0559		0.004897	0.069911
0.05595		0.004846	0.069815
0.056		0.004968	0.069846
0.05605		0.004931	0.069903
0.0561		0.004954	0.069582
0.05615		0.004891	0.071634
0.0562		0.004857	0.077955
0.05625		0.004858	0.078927
0.0563		0.004879	0.079378
0.05635		0.004875	0.079151
0.0564		0.004913	0.079326
0.05645		0.004852	0.07909
0.0565		0.004922	0.079403
0.05655		0.004905	0.079123
0.0566		0.004916	0.079445
0.05665		0.004864	0.078988
0.0567		0.004874	0.079562
0.05675		0.00488	0.078453
0.0568		0.004868	0.08352
0.05685		0.004863	0.109334
0.0569		0.004883	0.116809
0.05695		0.004861	0.117661
0.057		0.004848	0.11795
0.05705		0.004915	0.117956
0.0571		0.004917	0.117958
0.05715		0.004858	0.117936
0.0572		0.004889	0.11789
0.05725		0.004882	0.117902
0.0573		0.004871	0.117935
0.05735		0.004904	0.117755
0.0574		0.004753	0.117857
0.05745		0.004882	0.11765
0.0575		0.004845	0.118759
0.05755		0.004849	0.119735
0.0576		0.004857	0.119901
0.05765		0.004797	0.119847
0.0577		0.004867	0.119969
0.05775		0.004795	0.119736
0.0578		0.004089	0.119884
0.05785		0.003752	0.119727
0.0579		0.003763	0.1199
0.05795		0.003726	0.119546
0.058		0.003747	0.119958
0.05805		0.003734	0.119332
0.0581		0.003758	0.120448
0.05815		0.003674	0.114261
0.0582		0.003762	0.104271
0.05825		0.00368	0.103413
0.0583		0.003725	0.102623
0.05835		0.003653	0.102918
0.0584		0.003789	0.102616
0.05845		0.0016	0.102915
0.0585		-8.77E-05	0.102618
0.05855		-0.000108	0.102751
0.0586		-0.000307	0.102623
0.05865		-0.000241	0.102681
0.0587		-0.000339	0.102542
0.05875		-0.0003	0.102832
0.0588		-0.000347	0.101876
0.05885		-0.000314	0.096908
0.0589		-0.000381	0.095445
0.05895		-0.000256	0.095326
0.059		-0.000248	0.095253
0.05905		-0.000355	0.0952
0.0591		-6.85E-06	0.095271
0.05915		0.000476	0.095109
0.0592		0.000555	0.095205
0.05925		0.000606	0.095081
0.0593		0.000589	0.095257
0.05935		0.00058	0.094975
0.0594		0.000629	0.095233
0.05945		0.000609	0.095048
0.0595		0.000555	0.102719
0.05955		0.000539	0.107249
0.0596		0.000561	0.107559
0.05965		0.000542	0.107685
0.0597		0.000543	0.107698
0.05975		0.000559	0.107587
0.0598		0.000561	0.107744
0.05985		0.000589	0.107437
0.0599		0.000595	0.10786
0.05995		0.000558	0.107361
0.06		0.000591	0.108062
0.06005		0.000562	0.106875
0.0601		0.000617	0.108709
0.06015		0.000617	0.09305
0.0602		0.00064	0.077566
0.06025		0.000639	0.07686
0.0603		0.00061	0.075715
0.06035		0.000565	0.076144
0.0604		0.000622	0.075799
0.06045		0.000211	0.075925
0.0605		-0.000311	0.075918
0.06055		-0.000258	0.075637
0.0606		-0.000328	0.07611
0.06065		-0.000278	0.075453
0.0607		-0.000318	0.076483
0.06075		-0.000322	0.074435
0.0608		-0.000345	0.086233
0.06085		-0.000308	0.106397
0.0609		-0.000418	0.108204
0.06095		-0.000292	0.109742
0.061		-0.000377	0.10912
0.06105		-0.000234	0.109681
0.0611		-0.001578	0.1092
0.06115		-0.003213	0.109574
0.0612		-0.003298	0.109191
0.06125		-0.003507	0.109486
0.0613		-0.003405	0.109208
0.06135		-0.003453	0.109342
0.0614		-0.003372	0.109286
0.06145		-0.003497	0.108775
0.0615		-0.003457	0.099089
0.06155		-0.003416	0.094916
0.0616		-0.003405	0.094678
0.06165		-0.003437	0.094454
0.0617		-0.003483	0.09452
0.06175		-0.003237	0.094312
0.0618		-0.002522	0.094447
0.06185		-0.002447	0.09429
0.0619		-0.002392	0.094477
0.06195		-0.002455	0.094317
0.062		-0.002407	0.094424
0.06205		-0.002435	0.094163
0.0621		-0.002388	0.094375
0.06215		-0.002421	0.090627
0.0622		-0.002381	0.088354
0.06225		-0.002376	0.0881
0.0623		-0.002402	0.088026
0.06235		-0.002383	0.087916
0.0624		-0.00242	0.088108
0.06245		-0.004358	0.087841
0.0625		-0.005466	0.088151
0.06255		-0.005529	0.087712
0.0626		-0.00565	0.088232
0.06265		-0.005584	0.087531
0.0627		-0.005641	0.08854
0.06275		-0.005623	0.086803
0.0628		-0.005593	0.099362
0.06285		-0.005578	0.113618
0.0629		-0.005555	0.114198
0.06295		-0.005585	0.115407
0.063		-0.005545	0.114857
0.06305		-0.00563	0.115247
0.0631		-0.005203	0.114911
0.06315		-0.004624	0.115179
0.0632		-0.004575	0.114897
0.06325		-0.004534	0.115004
0.0633		-0.004538	0.114975
0.06335		-0.00458	0.114986
0.0634		-0.004599	0.115208
0.06345		-0.004554	0.113408
0.0635		-0.004562	0.102793
0.06355		-0.004505	0.099622
0.0636		-0.004597	0.099191
0.06365		-0.004556	0.099128
0.0637		-0.004531	0.09903
0.06375		-0.00456	0.099073
0.0638		-0.004542	0.09906
0.06385		-0.004535	0.098986
0.0639		-0.004535	0.099037
0.06395		-0.004536	0.099015
0.064		-0.004575	0.09901
0.06405		-0.004546	0.099073
0.0641		-0.004531	0.098123
0.06415		-0.004538	0.086578
0.0642		-0.004542	0.081603
0.06425		-0.004601	0.081436
0.0643		-0.004521	0.08104
0.06435		-0.004561	0.081145
0.0644		-0.00446	0.080951
0.06445		-0.003648	0.081159
0.0645		-0.00336	0.080966
0.06455		-0.003341	0.081074
0.0646		-0.003297	0.080901
0.06465		-0.003326	0.081064
0.0647		-0.00336	0.080853
0.06475		-0.003304	0.08117
0.0648		-0.003388	0.07848
0.06485		-0.003333	0.075866
0.0649		-0.003377	0.075803
0.06495		-0.003348	0.075536
0.065		-0.003446	0.075637
0.06505		-0.003323	0.075512
0.0651		-0.004429	0.075662
0.06515		-0.005419	0.075563
0.0652		-0.005455	0.075677
0.06525		-0.005655	0.075463
0.0653		-0.005586	0.075645
0.06535		-0.005618	0.075327
0.0654		-0.005589	0.075984
0.06545		-0.005574	0.07227
0.0655		-0.005514	0.044642
0.06555		-0.005608	0.034729
0.0656		-0.005489	0.033927
0.06565		-0.005621	0.033471
0.0657		-0.005425	0.033667
0.06575		-0.006207	0.033457
0.0658		-0.007496	0.033494
0.06585		-0.007625	0.033497
0.0659		-0.007662	0.03348
0.06595		-0.007584	0.033469
0.066		-0.007665	0.033486
0.06605		-0.007614	0.033597
0.0661		-0.007673	0.033084
0.06615		-0.007618	0.031015
0.0662		-0.007596	0.030408
0.06625		-0.007633	0.030416
0.0663		-0.007663	0.030261
0.06635		-0.007614	0.030453
0.0664		-0.007632	0.03017
0.06645		-0.007598	0.030556
0.0665		-0.007644	0.030064
0.06655		-0.007663	0.030574
0.0666		-0.007643	0.029908
0.06665		-0.007592	0.03078
0.0667		-0.007641	0.029654
0.06675		-0.007691	0.030692
0.0668		-0.007617	0.000576
0.06685		-0.007636	-0.019601
0.0669		-0.007644	-0.019949
0.06695		-0.007685	-0.021743
0.067		-0.007577	-0.020857
0.06705		-0.007554	-0.021607
0.0671		-0.006214	-0.021063
0.06715		-0.005593	-0.021381
0.0672		-0.005592	-0.021143
0.06725		-0.005496	-0.021331
0.0673		-0.005493	-0.021246
0.06735		-0.005489	-0.021271
0.0674		-0.005503	-0.021488
0.06745		-0.005541	-0.01935
0.0675		-0.005492	-0.013865
0.06755		-0.005574	-0.013248
0.0676		-0.005496	-0.012777
0.06765		-0.005577	-0.013003
0.0677		-0.005449	-0.012778
0.06775		-0.007099	-0.012921
0.0678		-0.00856	-0.012751
0.06785		-0.008602	-0.012925
0.0679		-0.008683	-0.012862
0.06795		-0.008608	-0.012972
0.068		-0.008652	-0.012841
0.06805		-0.008644	-0.013039
0.0681		-0.008675	-0.012312
0.06815		-0.008686	-0.010231
0.0682		-0.008738	-0.009873
0.06825		-0.008663	-0.009688
0.0683		-0.008646	-0.009746
0.06835		-0.008685	-0.00964
0.0684		-0.008262	-0.009779
0.06845		-0.007617	-0.00968
0.0685		-0.007599	-0.009801
0.06855		-0.00755	-0.009617
0.0686		-0.007566	-0.009895
0.06865		-0.007578	-0.00964
0.0687		-0.007587	-0.009858
0.06875		-0.007556	-0.0102
0.0688		-0.007552	-0.025994
0.06885		-0.007615	-0.034155
0.0689		-0.0076	-0.034437
0.06895		-0.007537	-0.03502
0.069		-0.007554	-0.034785
0.06905		-0.007463	-0.034935
0.0691		-0.006763	-0.034844
0.06915		-0.006556	-0.034803
0.0692		-0.006495	-0.034999
0.06925		-0.006532	-0.034774
0.0693		-0.006524	-0.035121
0.06935		-0.006527	-0.034504
0.0694		-0.006611	-0.035475
0.06945		-0.006586	-0.028612
0.0695		-0.006563	-0.020961
0.06955		-0.006589	-0.020459
0.0696		-0.006541	-0.019974
0.06965		-0.006573	-0.020115
0.0697		-0.006512	-0.020126
0.06975		-0.00717	-0.019982
0.0698		-0.007485	-0.020155
0.06985		-0.007532	-0.019925
0.0699		-0.007544	-0.020435
0.06995		-0.007541	-0.01956
0.07		-0.007525	-0.020805
0.07005		-0.007492	-0.018647
0.0701		-0.007561	-0.030112
0.07015		-0.007532	-0.053808
0.0702		-0.007554	-0.056558
0.07025		-0.007522	-0.058174
0.0703		-0.00755	-0.057481
0.07035		-0.007574	-0.0581
0.0704		-0.007519	-0.057619
0.07045		-0.007507	-0.05814
0.0705		-0.007535	-0.057586
0.07055		-0.007473	-0.058125
0.0706		-0.007595	-0.057499
0.07065		-0.007545	-0.058258
0.0707		-0.00761	-0.057002
0.07075		-0.007562	-0.062236
0.0708		-0.007585	-0.083808
0.07085		-0.007525	-0.089382
0.0709		-0.007588	-0.09016
0.07095		-0.007458	-0.090239
0.071		-0.007657	-0.090344
0.07105		-0.006931	-0.090217
0.0711		-0.004853	-0.090336
0.07115		-0.004535	-0.090229
0.0712		-0.004376	-0.090322
0.07125		-0.004431	-0.090234
0.0713		-0.004406	-0.090296
0.07135		-0.004387	-0.090128
0.0714		-0.004395	-0.090395
0.07145		-0.004453	-0.087454
0.0715		-0.00438	-0.085081
0.07155		-0.004442	-0.08502
0.0716		-0.004347	-0.08488
0.07165		-0.004473	-0.084951
0.0717		-0.004455	-0.084887
0.07175		-0.005607	-0.084861
0.0718		-0.006368	-0.084806
0.07185		-0.006417	-0.084871
0.0719		-0.006453	-0.084907
0.07195		-0.006428	-0.084763
0.072		-0.006482	-0.084945
0.07205		-0.006462	-0.084562
0.0721		-0.006419	-0.086641
0.07215		-0.006451	-0.091206
0.0722		-0.006475	-0.09181
0.07225		-0.006504	-0.092155
0.0723		-0.006413	-0.092023
0.07235		-0.006578	-0.092139
0.0724		-0.004819	-0.092082
0.07245		-0.003379	-0.092126
0.0725		-0.00334	-0.092098
0.07255		-0.003187	-0.09205
0.0726		-0.003289	-0.09203
0.07265		-0.00325	-0.092021
0.0727		-0.003285	-0.092033
0.07275		-0.003193	-0.091512
0.0728		-0.003239	-0.090071
0.07285		-0.003234	-0.089958
0.0729		-0.003253	-0.089749
0.07295		-0.003185	-0.089885
0.073		-0.003137	-0.089715
0.07305		-0.003496	-0.089826
0.0731		-0.004277	-0.089696
0.07315		-0.004361	-0.089938
0.0732		-0.004386	-0.089615
0.07325		-0.004376	-0.089974
0.0733		-0.00438	-0.089465
0.07335		-0.004365	-0.090099
0.0734		-0.004339	-0.089428
0.07345		-0.004339	-0.105258
0.0735		-0.004364	-0.11596
0.07355		-0.004407	-0.116258
0.0736		-0.004386	-0.117132
0.07365		-0.004401	-0.116716
0.0737		-0.004395	-0.116975
0.07375		-0.004358	-0.116778
0.0738		-0.004349	-0.11687
0.07385		-0.004364	-0.116863
0.0739		-0.004434	-0.116724
0.07395		-0.004405	-0.116871
0.074		-0.004351	-0.116496
0.07405		-0.004331	-0.116986
0.0741		-0.004354	-0.109685
0.07415		-0.004369	-0.103669
0.0742		-0.004329	-0.103434
0.07425		-0.004351	-0.10293
0.0743		-0.004366	-0.103041
0.07435		-0.004464	-0.10297
0.0744		-0.00317	-0.102952
0.07445		-0.002244	-0.10308
0.0745		-0.002185	-0.102762
0.07455		-0.002156	-0.103185
0.0746		-0.002145	-0.10257
0.07465		-0.002135	-0.103494
0.0747		-0.002161	-0.101669
0.07475		-0.002104	-0.111002
0.0748		-0.002172	-0.129323
0.07485		-0.002187	-0.131259
0.0749		-0.002207	-0.13259
0.07495		-0.002172	-0.132017
0.075		-0.002235	-0.132565
0.07505		-0.002177	-0.132058
0.0751		-0.002169	-0.132524
0.07515		-0.002202	-0.13207
0.0752		-0.002177	-0.132445
0.07525		-0.002184	-0.132013
0.0753		-0.002165	-0.132561
0.07535		-0.002152	-0.131795
0.0754		-0.002195	-0.132234
0.07545		-0.002192	-0.11713
0.0755		-0.002222	-0.107618
0.07555		-0.002139	-0.107367
0.0756		-0.002221	-0.106611
0.07565		-0.002169	-0.106921
0.0757		-0.002292	-0.106657
0.07575		-0.002987	-0.106773
0.0758		-0.003167	-0.106717
0.07585		-0.003163	-0.106636
0.0759		-0.003133	-0.106799
0.07595		-0.003185	-0.106454
0.076		-0.00319	-0.10688
0.07605		-0.003111	-0.106578
0.0761		-0.003138	-0.121379
0.07615		-0.003222	-0.131023
0.0762		-0.003191	-0.131263
0.07625		-0.003193	-0.132105
0.0763		-0.003179	-0.131709
0.07635		-0.003064	-0.131988
0.0764		-0.001078	-0.131747
0.07645		-0.000111	-0.13181
0.0765		-0.000132	-0.131828
0.07655		-8.50E-05	-0.131652
0.0766		-0.000178	-0.13187
0.07665		-9.60E-05	-0.131474
0.0767		-0.000119	-0.132239
0.07675		-0.000121	-0.12773
0.0768		-8.23E-05	-0.120075
0.07685		-0.000111	-0.119313
0.0769		-7.54E-05	-0.118737
0.07695		-3.43E-05	-0.118866
0.077		-5.89E-05	-0.118767
0.07705		0.000462	-0.118803
0.0771		0.000792	-0.118762
0.07715		0.000806	-0.118752
0.0772		0.000777	-0.118819
0.07725		0.000795	-0.118626
0.0773		0.000806	-0.118945
0.07735		0.000796	-0.118337
0.0774		0.000779	-0.12144
0.07745		0.000776	-0.128114
0.0775		0.000747	-0.128961
0.07755		0.000824	-0.129292
0.0776		0.000747	-0.129131
0.07765		0.000834	-0.129168
0.0777		0.000526	-0.129207
0.07775		6.72E-05	-0.129123
0.0778		-1.78E-05	-0.129235
0.07785		-4.80E-05	-0.129078
0.0779		-0.000119	-0.129283
0.07795		-0.000107	-0.128813
0.078		-0.000112	-0.129739
0.07805		-8.77E-05	-0.125395
0.0781		-8.36E-05	-0.102981
0.07815		-0.000101	-0.096327
0.0782		-0.000133	-0.09557
0.07825		-0.000126	-0.095314
0.0783		-0.000147	-0.09533
0.07835		0.000265	-0.095175
0.0784		0.001486	-0.095281
0.07845		0.001785	-0.095153
0.0785		0.001793	-0.095252
0.07855		0.00179	-0.09503
0.0786		0.001819	-0.095259
0.07865		0.001859	-0.094965
0.0787		0.001788	-0.095521
0.07875		0.001836	-0.091527
0.0788		0.001859	-0.086282
0.07885		0.001885	-0.086015
0.0789		0.001781	-0.085569
0.07895		0.00188	-0.085784
0.079		0.001866	-0.085549
0.07905		0.003818	-0.085805
0.0791		0.004994	-0.085635
0.07915		0.004993	-0.085684
0.0792		0.005118	-0.085542
0.07925		0.005052	-0.085713
0.0793		0.005059	-0.085413
0.07935		0.005064	-0.085861
0.0794		0.00503	-0.083514
0.07945		0.005031	-0.078982
0.0795		0.005067	-0.078412
0.07955		0.005156	-0.078127
0.0796		0.005004	-0.078225
0.07965		0.005197	-0.078099
0.0797		0.003689	-0.078194
0.07975		0.00205	-0.078106
0.0798		0.001958	-0.078195
0.07985		0.001812	-0.078
0.0799		0.001826	-0.078166
0.07995		0.00177	-0.077909
0.08		0.001859	-0.078387
0.08005		0.001792	-0.075538
0.0801		0.0018	-0.056023
0.08015		0.001822	-0.049406
0.0802		0.001838	-0.048802
0.08025		0.001815	-0.048526
0.0803		0.001822	-0.048585
0.08035		0.001966	-0.048562
0.0804		0.002618	-0.048537
0.08045		0.002804	-0.048582
0.0805		0.002864	-0.048475
0.08055		0.002899	-0.048622
0.0806		0.002902	-0.04833
0.08065		0.002834	-0.048681
0.0807		0.002827	-0.048249
0.08075		0.002838	-0.055538
0.0808		0.002832	-0.060497
0.08085		0.002809	-0.06085
0.0809		0.002862	-0.061016
0.08095		0.002851	-0.061085
0.081		0.002997	-0.060903
0.08105		0.003625	-0.061155
0.0811		0.003811	-0.060787
0.08115		0.003839	-0.061288
0.0812		0.003925	-0.060593
0.08125		0.00391	-0.061604
0.0813		0.003888	-0.060177
0.08135		0.00384	-0.062554
0.0814		0.003871	-0.048238
0.08145		0.003877	-0.026131
0.0815		0.003844	-0.024413
0.08155		0.003906	-0.022776
0.0816		0.003865	-0.023433
0.08165		0.003843	-0.022794
0.0817		0.003888	-0.023216
0.08175		0.003888	-0.022874
0.0818		0.003841	-0.023174
0.08185		0.00393	-0.022949
0.0819		0.003881	-0.023105
0.08195		0.003913	-0.023053
0.082		0.003818	-0.022937
0.08205		0.003867	-0.024133
0.0821		0.003878	-0.02769
0.08215		0.00385	-0.028139
0.0822		0.003795	-0.028394
0.08225		0.003945	-0.028256
0.0823		0.003755	-0.028418
0.08235		0.004662	-0.02826
0.0824		0.006753	-0.028339
0.08245		0.006993	-0.028349
0.0825		0.007079	-0.028338
0.08255		0.007046	-0.028232
0.0826		0.007105	-0.02836
0.08265		0.007101	-0.028391
0.0827		0.007131	-0.027562
0.08275		0.007089	-0.017246
0.0828		0.007111	-0.012977
0.08285		0.0071	-0.012689
0.0829		0.007136	-0.012434
0.08295		0.007078	-0.01246
0.083		0.007022	-0.01246
0.08305		0.006334	-0.012471
0.0831		0.006057	-0.012552
0.08315		0.00607	-0.012396
0.0832		0.006009	-0.012566
0.08325		0.005989	-0.012292
0.0833		0.005976	-0.012745
0.08335		0.006043	-0.012074
0.0834		0.006029	-0.015654
0.08345		0.006044	-0.020188
0.0835		0.006036	-0.020661
0.08355		0.006043	-0.020775
0.0836		0.00594	-0.020857
0.08365		0.006036	-0.020657
0.0837		0.006099	-0.020967
0.08375		0.006094	-0.020594
0.0838		0.006092	-0.021089
0.08385		0.006064	-0.020337
0.0839		0.005977	-0.021368
0.08395		0.006043	-0.019882
0.084		0.006027	-0.02254
0.08405		0.006014	-0.008826
0.0841		0.006048	0.017848
0.08415		0.00602	0.020912
0.0842		0.005996	0.022675
0.08425		0.006018	0.021929
0.0843		0.006	0.022632
0.08435		0.006461	0.022063
0.0844		0.007044	0.022553
0.08445		0.007037	0.022199
0.0845		0.00707	0.022577
0.08455		0.007073	0.022229
0.0846		0.007086	0.022538
0.08465		0.007096	0.022272
0.0847		0.007088	0.022235
0.08475		0.007053	0.015509
0.0848		0.007052	0.012201
0.08485		0.007081	0.011953
0.0849		0.007104	0.011735
0.08495		0.007019	0.011843
0.085		0.007426	0.011758
0.08505		0.008759	0.01169
0.0851		0.009038	0.011816
0.08515		0.009026	0.011697
0.0852		0.009052	0.011894
0.08525		0.009111	0.011655
0.0853		0.009071	0.011886
0.08535		0.009096	0.011947
0.0854		0.009058	0.024818
0.08545		0.009041	0.03209
0.0855		0.009093	0.032325
0.08555		0.009085	0.032817
0.0856		0.009059	0.032656
0.08565		0.008952	0.032854
0.0857		0.007678	0.032722
0.08575		0.007089	0.032761
0.0858		0.007057	0.032728
0.08585		0.007068	0.032645
0.0859		0.007053	0.032902
0.08595		0.006955	0.032496
0.086		0.007026	0.033139
0.08605		0.007078	0.029869
0.0861		0.007023	0.023453
0.08615		0.006993	0.022595
0.0862		0.006964	0.022253
0.08625		0.007082	0.022324
0.0863		0.006938	0.022313
0.08635		0.007526	0.022155
0.0864		0.007968	0.022313
0.08645		0.008024	0.022024
0.0865		0.007992	0.022425
0.08655		0.008035	0.021932
0.0866		0.008121	0.02269
0.08665		0.008032	0.021069
0.0867		0.008062	0.028397
0.08675		0.008057	0.051849
0.0868		0.008023	0.056606
0.08685		0.008086	0.057796
0.0869		0.007996	0.057575
0.08695		0.008154	0.057729
0.087		0.0074	0.057573
0.08705		0.00608	0.05767
0.0871		0.006024	0.0576
0.08715		0.005958	0.057748
0.0872		0.005951	0.057647
0.08725		0.005884	0.057667
0.0873		0.005954	0.057607
0.08735		0.005969	0.058052
0.0874		0.00594	0.066503
0.08745		0.005952	0.071035
0.0875		0.005962	0.071006
0.08755		0.005936	0.071523
0.0876		0.005946	0.071149
0.08765		0.005884	0.071515
0.0877		0.005233	0.071105
0.08775		0.004946	0.071493
0.0878		0.004965	0.071061
0.08785		0.004928	0.071545
0.0879		0.00486	0.070916
0.08795		0.004896	0.071755
0.088		0.004861	0.070423
0.08805		0.004898	0.081347
0.0881		0.004883	0.092067
0.08815		0.004905	0.092491
0.0882		0.004952	0.093287
0.08825		0.004934	0.093019
0.0883		0.0049	0.093287
0.08835		0.004893	0.09315
0.0884		0.004924	0.093122
0.08845		0.004946	0.093127
0.0885		0.004965	0.092947
0.08855		0.00495	0.093248
0.0886		0.004897	0.092698
0.08865		0.004898	0.093795
0.0887		0.004924	0.088511
0.08875		0.004916	0.075678
0.0888		0.004948	0.07383
0.08885		0.004928	0.073034
0.0889		0.004885	0.073259
0.08895		0.004885	0.073043
0.089		0.004949	0.073239
0.08905		0.004897	0.073073
0.0891		0.004883	0.073124
0.08915		0.004909	0.073112
0.0892		0.004937	0.072967
0.08925		0.004915	0.073137
0.0893		0.004913	0.072823
0.08935		0.004875	0.074298
0.0894		0.004894	0.080616
0.08945		0.004856	0.082213
0.0895		0.004857	0.082371
0.08955		0.004852	0.082446
0.0896		0.004915	0.082441
0.08965		0.00465	0.082509
0.0897		0.00398	0.08236
0.08975		0.003806	0.082507
0.0898		0.003701	0.082265
0.08985		0.003751	0.082582
0.0899		0.003725	0.082142
0.08995		0.003715	0.082522
0.09		0.003704	0.083008
0.09005		0.003766	0.108946
0.0901		0.003745	0.123054
0.09015		0.003726	0.123324
0.0902		0.003727	0.124533
0.09025		0.003685	0.123907
0.0903		0.003669	0.124376
0.09035		0.003689	0.123966
0.0904		0.003711	0.124358
0.09045		0.003725	0.124019
0.0905		0.003769	0.124215
0.09055		0.003721	0.123999
0.0906		0.003715	0.124204
0.09065		0.003681	0.123835
0.0907		0.003707	0.124987
0.09075		0.00369	0.125864
0.0908		0.003692	0.126001
0.09085		0.003697	0.125942
0.0909		0.003714	0.126081
0.09095		0.003755	0.125918
0.091		0.003692	0.126059
0.09105		0.003748	0.12589
0.0911		0.003727	0.12608
0.09115		0.003649	0.125797
0.0912		0.003695	0.126173
0.09125		0.003715	0.125564
0.0913		0.003706	0.126503
0.09135		0.003667	0.122452
0.0914		0.003723	0.110167
0.09145		0.003634	0.107578
0.0915		0.003736	0.106953
0.09155		0.003584	0.107045
0.0916		0.003854	0.106942
0.09165		0.002448	0.106966
0.0917		3.02E-05	0.106907
0.09175		-0.000149	0.106885
0.0918		-0.000292	0.106899
0.09185		-0.000252	0.106687
0.0919		-0.000278	0.106887
0.09195		-0.000233	0.106683
0.092		-0.000304	0.10695
0.09205		-0.000288	0.100256
0.0921		-0.000351	0.095622
0.09215		-0.000326	0.095445
0.0922		-0.000332	0.095066
0.09225		-0.000326	0.095248
0.0923		-0.000118	0.095188
0.09235		0.000455	0.095142
0.0924		0.000603	0.095135
0.09245		0.000607	0.095061
0.0925		0.000566	0.095196
0.09255		0.000563	0.094856
0.0926		0.000563	0.095345
0.09265		0.000583	0.094647
0.0927		0.000583	0.100966
0.09275		0.000531	0.107068
0.0928		0.000587	0.107368
0.09285		0.000573	0.107788
0.0929		0.000583	0.107644
0.09295		0.000614	0.107663
0.093		0.001149	0.107609
0.09305		0.001579	0.107491
0.0931		0.001657	0.107811
0.09315		0.001615	0.107302
0.0932		0.001597	0.107948
0.09325		0.001593	0.106983
0.0933		0.001577	0.10867
0.09335		0.001498	0.100413
0.0934		0.001571	0.080184
0.09345		0.001575	0.076967
0.0935		0.001707	0.075769
0.09355		0.001634	0.076061
0.0936		0.001759	0.075748
0.09365		0.000317	0.075955
0.0937		-0.001168	0.075847
0.09375		-0.001205	0.075811
0.0938		-0.00135	0.075856
0.09385		-0.001269	0.075767
0.0939		-0.001296	0.075974
0.09395		-0.001243	0.075224
0.094		-0.001311	0.079153
0.09405		-0.001221	0.100316
0.0941		-0.001364	0.106374
0.09415		-0.001254	0.107191
0.0942		-0.001291	0.107101
0.09425		-0.001269	0.107338
0.0943		-0.00143	0.107127
0.09435		-0.002126	0.107394
0.0944		-0.002355	0.107047
0.09445		-0.002406	0.107376
0.0945		-0.002359	0.106994
0.09455		-0.002336	0.107489
0.0946		-0.002362	0.106709
0.09465		-0.002368	0.107884
0.0947		-0.002333	0.096945
0.09475		-0.002366	0.086086
0.0948		-0.002322	0.085734
0.09485		-0.002385	0.084714
0.0949		-0.002391	0.085169
0.09495		-0.002421	0.084696
0.095		-0.0024	0.085132
0.09505		-0.002355	0.084781
0.0951		-0.002399	0.085077
0.09515		-0.002403	0.08485
0.0952		-0.002344	0.085061
0.09525		-0.002374	0.084734
0.0953		-0.002307	0.085059
0.09535		-0.002432	0.083453
0.0954		-0.002409	0.08199
0.09545		-0.002421	0.081732
0.0955		-0.00228	0.081749
0.09555		-0.002414	0.081618
0.0956		-0.00225	0.081746
0.09565		-0.004449	0.081525
0.0957		-0.006478	0.081794
0.09575		-0.006527	0.081474
0.0958		-0.006656	0.081798
0.09585		-0.00653	0.081328
0.0959		-0.006663	0.082025
0.09595		-0.006648	0.080693
0.096		-0.006617	0.086449
0.09605		-0.006654	0.1094
0.0961		-0.006626	0.115022
0.09615		-0.006623	0.116002
0.0962		-0.006583	0.116029
0.09625		-0.006693	0.116083
0.0963		-0.006153	0.11611
0.09635		-0.004752	0.116045
0.0964		-0.004576	0.11608
0.09645		-0.004562	0.115933
0.0965		-0.004576	0.116103
0.09655		-0.004575	0.115868
0.0966		-0.004527	0.11626
0.09665		-0.004473	0.114358
0.0967		-0.004516	0.105996
0.09675		-0.004505	0.103672
0.0968		-0.004539	0.103418
0.09685		-0.004495	0.103299
0.0969		-0.004534	0.10336
0.09695		-0.004513	0.103162
0.097		-0.005194	0.103314
0.09705		-0.005537	0.103076
0.0971		-0.005552	0.103361
0.09715		-0.005577	0.102966
0.0972		-0.005541	0.103487
0.09725		-0.005545	0.102644
0.0973		-0.00558	0.103782
0.09735		-0.005507	0.091021
0.0974		-0.005584	0.079992
0.09745		-0.005596	0.079711
0.0975		-0.0055	0.078734
0.09755		-0.005532	0.079192
0.0976		-0.005484	0.078744
0.09765		-0.004094	0.079133
0.0977		-0.003425	0.078727
0.09775		-0.003401	0.078994
0.0978		-0.003307	0.078738
0.09785		-0.003367	0.078963
0.0979		-0.003335	0.078726
0.09795		-0.003276	0.079057
0.098		-0.003333	0.077829
0.09805		-0.003366	0.074373
0.0981		-0.003392	0.073678
0.09815		-0.003361	0.073501
0.0982		-0.003416	0.073518
0.09825		-0.00327	0.073379
0.0983		-0.00418	0.073476
0.09835		-0.005373	0.07336
0.0984		-0.005496	0.073498
0.09845		-0.005534	0.0733
0.0985		-0.005462	0.073589
0.09855		-0.005527	0.07315
0.0986		-0.005441	0.073977
0.09865		-0.00551	0.069272
0.0987		-0.005514	0.03739
0.09875		-0.005554	0.026582
0.0988		-0.005566	0.025602
0.09885		-0.005588	0.025115
0.0989		-0.005489	0.025138
0.09895		-0.005846	0.025089
0.099		-0.007179	0.025071
0.09905		-0.00753	0.025147
0.0991		-0.007628	0.02502
0.09915		-0.007609	0.025177
0.0992		-0.007563	0.024934
0.09925		-0.007637	0.025234
0.0993		-0.007654	0.02483
0.09935		-0.007689	0.029686
0.0994		-0.007628	0.033037
0.09945		-0.007602	0.033364
0.0995		-0.007596	0.033427
0.09955		-0.007647	0.033638
0.0996		-0.007602	0.033272
0.09965		-0.007652	0.03366
0.0997		-0.00761	0.033006
0.09975		-0.007587	0.033912
0.0998		-0.007569	0.032878
0.09985		-0.007658	0.034259
0.0999		-0.007602	0.032193
0.09995		-0.00765	0.035751
