0.00E+00	-0.012926	0.001431
5.00E-05	-0.01293	0.001431
1.00E-04	-0.012936	0.001412
0.00015		-0.012888	0.001557
0.0002		-0.012959	0.001291
0.00025		-0.012995	0.003715
0.0003		-0.013018	0.005418
0.00035		-0.012967	0.005662
0.0004		-0.012961	0.005596
0.00045		-0.01293	0.005851
0.0005		-0.012888	0.005463
0.00055		-0.01294	0.005891
0.0006		-0.012917	0.005382
0.00065		-0.012991	0.006054
0.0007		-0.012948	0.005137
0.00075		-0.012963	0.006413
0.0008		-0.012311	0.00456
0.00085		-0.011747	0.007824
0.0009		-0.011788	-0.008469
0.00095		-0.011723	-0.043504
0.001		-0.011776	-0.047952
0.00105		-0.011728	-0.050303
0.0011		-0.011784	-0.049428
0.00115		-0.011793	-0.050403
0.0012		-0.01178	-0.049616
0.00125		-0.011758	-0.050292
0.0013		-0.011746	-0.049643
0.00135		-0.011771	-0.05026
0.0014		-0.01178	-0.049516
0.00145		-0.011749	-0.050474
0.0015		-0.011725	-0.048967
0.00155		-0.011716	-0.05494
0.0016		-0.011756	-0.071219
0.00165		-0.011779	-0.074392
0.0017		-0.011739	-0.075159
0.00175		-0.011716	-0.075017
0.0018		-0.011728	-0.075126
0.00185		-0.01178	-0.075034
0.0019		-0.011703	-0.075113
0.00195		-0.011716	-0.075032
0.002		-0.011754	-0.075071
0.00205		-0.011732	-0.075087
0.0021		-0.011717	-0.075035
0.00215		-0.011052	-0.075061
0.0022		-0.010729	-0.0755
0.00225		-0.010705	-0.085826
0.0023		-0.010716	-0.091293
0.00235		-0.010718	-0.091345
0.0024		-0.010673	-0.091855
0.00245		-0.010678	-0.091507
0.0025		-0.010714	-0.091891
0.00255		-0.010759	-0.091548
0.0026		-0.010725	-0.091852
0.00265		-0.010742	-0.091423
0.0027		-0.010749	-0.091827
0.00275		-0.010667	-0.09136
0.0028		-0.010039	-0.091956
0.00285		-0.009599	-0.091032
0.0029		-0.009584	-0.097399
0.00295		-0.009627	-0.105277
0.003		-0.009646	-0.105669
0.00305		-0.009613	-0.106345
0.0031		-0.009609	-0.105996
0.00315		-0.009607	-0.106306
0.0032		-0.009576	-0.106012
0.00325		-0.009592	-0.106286
0.0033		-0.009602	-0.105985
0.00335		-0.009568	-0.106254
0.0034		-0.009596	-0.105983
0.00345		-0.009125	-0.106275
0.0035		-0.008585	-0.105761
0.00355		-0.008522	-0.107567
0.0036		-0.008586	-0.111477
0.00365		-0.008572	-0.11215
0.0037		-0.008574	-0.112248
0.00375		-0.008515	-0.11236
0.0038		-0.008545	-0.112332
0.00385		-0.008574	-0.112335
0.0039		-0.008601	-0.112131
0.00395		-0.008561	-0.11241
0.004		-0.008587	-0.112162
0.00405		-0.008618	-0.11239
0.0041		-0.008641	-0.111985
0.00415		-0.008611	-0.112429
0.0042		-0.008579	-0.112747
0.00425		-0.008575	-0.136806
0.0043		-0.008568	-0.150031
0.00435		-0.008512	-0.15035
0.0044		-0.008513	-0.151367
0.00445		-0.008516	-0.150864
0.0045		-0.008517	-0.151222
0.00455		-0.008506	-0.150972
0.0046		-0.008501	-0.151099
0.00465		-0.008458	-0.151015
0.0047		-0.008604	-0.151026
0.00475		-0.008162	-0.151104
0.0048		-0.006018	-0.150797
0.00485		-0.005499	-0.151125
0.0049		-0.005384	-0.145685
0.00495		-0.00533	-0.140844
0.005		-0.005367	-0.140699
0.00505		-0.005347	-0.140301
0.0051		-0.005322	-0.140462
0.00515		-0.005325	-0.140344
0.0052		-0.005271	-0.140323
0.00525		-0.00529	-0.140299
0.0053		-0.005345	-0.140142
0.00535		-0.00532	-0.140441
0.0054		-0.00526	-0.139971
0.00545		-0.005854	-0.140565
0.0055		-0.006292	-0.139508
0.00555		-0.006376	-0.147686
0.0056		-0.006327	-0.157032
0.00565		-0.006371	-0.157366
0.0057		-0.006361	-0.158156
0.00575		-0.006414	-0.15771
0.0058		-0.006449	-0.158061
0.00585		-0.006395	-0.15769
0.0059		-0.006419	-0.15796
0.00595		-0.006349	-0.157668
0.006		-0.00632	-0.157939
0.00605		-0.006423	-0.157665
0.0061		-0.00612	-0.157883
0.00615		-0.005459	-0.157484
0.0062		-0.005333	-0.158788
0.00625		-0.005297	-0.162103
0.0063		-0.005288	-0.16284
0.00635		-0.005241	-0.162956
0.0064		-0.005293	-0.162942
0.00645		-0.005257	-0.162884
0.0065		-0.005316	-0.162888
0.00655		-0.005322	-0.162849
0.0066		-0.005325	-0.162818
0.00665		-0.005386	-0.162814
0.0067		-0.005314	-0.162847
0.00675		-0.005275	-0.162695
0.0068		-0.003989	-0.162751
0.00685		-0.003098	-0.163065
0.0069		-0.003072	-0.170354
0.00695		-0.003072	-0.173776
0.007		-0.003135	-0.173897
0.00705		-0.0031	-0.174123
0.0071		-0.003165	-0.173985
0.00715		-0.003106	-0.173968
0.0072		-0.003122	-0.174061
0.00725		-0.003149	-0.173931
0.0073		-0.003126	-0.173986
0.00735		-0.0031	-0.17383
0.0074		-0.003076	-0.174089
0.00745		-0.001058	-0.173625
0.0075		-3.29E-05	-0.174323
0.00755		-1.23E-05	-0.168424
0.0076		-4.11E-06	-0.161875
0.00765		4.11E-06	-0.161648
0.0077		2.60E-05	-0.161034
0.00775		2.06E-05	-0.161349
0.0078		9.60E-06	-0.161012
0.00785		-1.37E-06	-0.161225
0.0079		-4.11E-06	-0.160995
0.00795		3.56E-05	-0.161116
0.008		-8.23E-06	-0.160913
0.00805		8.23E-06	-0.161039
0.0081		-0.00034	-0.160854
0.00815		-0.000887	-0.161131
0.0082		-0.000987	-0.15966
0.00825		-0.001034	-0.157196
0.0083		-0.001032	-0.156773
0.00835		-0.00102	-0.156633
0.0084		-0.001008	-0.156703
0.00845		-0.00102	-0.156637
0.0085		-0.00099	-0.156656
0.00855		-0.001062	-0.156575
0.0086		-0.00101	-0.156562
0.00865		-0.001024	-0.15649
0.0087		-0.001042	-0.156516
0.00875		-0.001013	-0.156427
0.0088		-0.000964	-0.156486
0.00885		-0.000997	-0.156063
0.0089		-0.000957	-0.153322
0.00895		-0.00099	-0.152173
0.009		-0.000946	-0.152168
0.00905		-0.000972	-0.152023
0.0091		-0.000997	-0.152132
0.00915		-0.000984	-0.151925
0.0092		-0.001061	-0.152061
0.00925		-0.001061	-0.151864
0.0093		-0.001005	-0.152073
0.00935		-0.000993	-0.151724
0.0094		-0.000824	-0.152143
0.00945		0.00176	-0.151556
0.0095		0.002889	-0.152002
0.00955		0.002921	-0.138817
0.0096		0.003028	-0.129452
0.00965		0.00298	-0.129455
0.0097		0.002917	-0.128424
0.00975		0.002972	-0.129041
0.0098		0.003	-0.128427
0.00985		0.003015	-0.128924
0.0099		0.002994	-0.128381
0.00995		0.002972	-0.128931
0.01		0.002968	-0.128261
0.01005		0.002919	-0.128978
0.0101		0.003533	-0.127895
0.01015		0.003962	-0.129515
0.0102		0.003973	-0.120718
0.01025		0.004022	-0.107984
0.0103		0.003982	-0.106965
0.01035		0.004039	-0.106033
0.0104		0.004007	-0.106362
0.01045		0.004032	-0.106082
0.0105		0.003981	-0.106344
0.01055		0.004067	-0.106048
0.0106		0.003962	-0.106179
0.01065		0.004043	-0.106
0.0107		0.003749	-0.106141
0.01075		0.004935	-0.106041
0.0108		0.007673	-0.105909
0.01085		0.008099	-0.107468
0.0109		0.008239	-0.121562
0.01095		0.008216	-0.126465
0.011		0.00826	-0.127004
0.01105		0.008219	-0.127119
0.0111		0.008247	-0.127175
0.01115		0.008199	-0.127035
0.0112		0.008198	-0.127182
0.01125		0.008165	-0.127006
0.0113		0.008246	-0.127242
0.01135		0.008262	-0.126897
0.0114		0.008035	-0.127341
0.01145		0.007349	-0.12671
0.0115		0.007219	-0.126149
0.01155		0.007215	-0.093655
0.0116		0.007196	-0.075929
0.01165		0.007205	-0.075433
0.0117		0.007189	-0.074015
0.01175		0.007175	-0.074709
0.0118		0.00716	-0.074114
0.01185		0.007134	-0.074455
0.0119		0.007153	-0.074189
0.01195		0.007127	-0.07435
0.012		0.007162	-0.074187
0.01205		0.00723	-0.074174
0.0121		0.00921	-0.074436
0.01215		0.010095	-0.073897
0.0122		0.010152	-0.079142
0.01225		0.010204	-0.084052
0.0123		0.010191	-0.084239
0.01235		0.010208	-0.084603
0.0124		0.010197	-0.084448
0.01245		0.010202	-0.084526
0.0125		0.01026	-0.08463
0.01255		0.010135	-0.084437
0.0126		0.01029	-0.084677
0.01265		0.010105	-0.084241
0.0127		0.010274	-0.084818
0.01275		0.009258	-0.083924
0.0128		0.007458	-0.085528
0.01285		0.007321	-0.077229
0.0129		0.007144	-0.060231
0.01295		0.007226	-0.058139
0.013		0.007173	-0.056927
0.01305		0.007142	-0.05743
0.0131		0.007153	-0.056967
0.01315		0.007116	-0.057346
0.0132		0.007133	-0.057012
0.01325		0.007114	-0.057219
0.0133		0.007271	-0.056983
0.01335		0.006979	-0.05715
0.0134		0.008282	-0.056998
0.01345		0.011554	-0.0571
0.0135		0.012149	-0.057671
0.01355		0.012366	-0.064217
0.0136		0.012298	-0.066167
0.01365		0.012301	-0.06654
0.0137		0.012296	-0.066418
0.01375		0.012312	-0.066599
0.0138		0.012313	-0.066219
0.01385		0.012301	-0.066815
0.0139		0.012315	-0.066183
0.01395		0.012312	-0.066876
0.014		0.012326	-0.065927
0.01405		0.011952	-0.067231
0.0141		0.009849	-0.06537
0.01415		0.009244	-0.068364
0.0142		0.009202	-0.045265
0.01425		0.009163	-0.019633
0.0143		0.009191	-0.018636
0.01435		0.009177	-0.016319
0.0144		0.009148	-0.017549
0.01445		0.009156	-0.016482
0.0145		0.009138	-0.017352
0.01455		0.009137	-0.016604
0.0146		0.009155	-0.017341
0.01465		0.009106	-0.016581
0.0147		0.009148	-0.017338
0.01475		0.009149	-0.016462
0.0148		0.009123	-0.017794
0.01485		0.009136	-0.012093
0.0149		0.009145	-0.001949
0.01495		0.00908	-0.000583
0.015		0.009148	-4.39E-05
0.01505		0.009151	-0.000229
0.0151		0.009143	-0.000169
0.01515		0.009099	-0.000184
0.0152		0.009093	-0.000108
0.01525		0.009077	-2.33E-05
0.0153		0.009073	-8.09E-05
0.01535		0.009059	-3.15E-05
0.0154		0.009398	-0.000218
0.01545		0.010076	0.00014
0.0155		0.01013	-0.001689
0.01555		0.010149	-0.007909
0.0156		0.010097	-0.009138
0.01565		0.010135	-0.009452
0.0157		0.010141	-0.009302
0.01575		0.010173	-0.009494
0.0158		0.010123	-0.009373
0.01585		0.010149	-0.009484
0.0159		0.010142	-0.009378
0.01595		0.010132	-0.009474
0.016		0.010065	-0.009378
0.01605		0.010241	-0.009542
0.0161		0.011021	-0.009321
0.01615		0.011237	-0.008915
0.0162		0.011202	0.007359
0.01625		0.011184	0.016051
0.0163		0.011191	0.016141
0.01635		0.011189	0.016958
0.0164		0.01117	0.016466
0.01645		0.011198	0.016933
0.0165		0.011178	0.016525
0.01655		0.011129	0.016958
0.0166		0.011117	0.016421
0.01665		0.011174	0.017062
0.0167		0.011139	0.016378
0.01675		0.011668	0.017324
0.0168		0.012137	0.015672
0.01685		0.012174	0.024653
0.0169		0.012205	0.039762
0.01695		0.0122	0.041112
0.017		0.012174	0.042303
0.01705		0.012165	0.041629
0.0171		0.012202	0.04229
0.01715		0.012164	0.041725
0.0172		0.01222	0.042324
0.01725		0.012237	0.041633
0.0173		0.012228	0.042323
0.01735		0.012235	0.041379
0.0174		0.011672	0.042693
0.01745		0.011155	0.040584
0.0175		0.011166	0.049971
0.01755		0.011136	0.07651
0.0176		0.011174	0.081517
0.01765		0.011143	0.082903
0.0177		0.011126	0.082629
0.01775		0.011162	0.082911
0.0178		0.01115	0.082741
0.01785		0.011093	0.082893
0.0179		0.011106	0.082677
0.01795		0.0111	0.082874
0.018		0.011126	0.0827
0.01805		0.011122	0.08286
0.0181		0.011143	0.082692
0.01815		0.011091	0.082921
0.0182		0.011176	0.084847
0.01825		0.011166	0.085794
0.0183		0.011144	0.085709
0.01835		0.011148	0.085798
0.0184		0.011066	0.085745
0.01845		0.011065	0.085747
0.0185		0.011039	0.08573
0.01855		0.011102	0.085741
0.0186		0.011133	0.085697
0.01865		0.011106	0.08572
0.0187		0.011103	0.085679
0.01875		0.011092	0.085721
0.0188		0.011089	0.08568
0.01885		0.011125	0.089896
0.0189		0.011084	0.092916
0.01895		0.011162	0.092804
0.019		0.011126	0.093156
0.01905		0.011143	0.092883
0.0191		0.011069	0.093213
0.01915		0.011176	0.092865
0.0192		0.011034	0.093187
0.01925		0.011184	0.09269
0.0193		0.011032	0.093337
0.01935		0.011269	0.092586
0.0194		0.0092	0.093549
0.01945		0.007179	0.091725
0.0195		0.007107	0.100438
0.01955		0.006937	0.119617
0.0196		0.00703	0.122327
0.01965		0.006924	0.123475
0.0197		0.006985	0.123031
0.01975		0.006998	0.123432
0.0198		0.006919	0.123059
0.01985		0.006979	0.123347
0.0199		0.006934	0.123118
0.01995		0.006946	0.123313
0.02		0.006856	0.123153
0.02005		0.007555	0.12331
0.0201		0.008794	0.122985
0.02015		0.008875	0.123824
0.0202		0.009004	0.126457
0.02025		0.008971	0.127209
0.0203		0.009007	0.127185
0.02035		0.008929	0.127254
0.0204		0.008923	0.127175
0.02045		0.008945	0.127226
0.0205		0.008897	0.127202
0.02055		0.008901	0.127271
0.0206		0.008903	0.127143
0.02065		0.008952	0.12727
0.0207		0.00867	0.12706
0.02075		0.007343	0.127179
0.0208		0.006948	0.127123
0.02085		0.006898	0.133899
0.0209		0.006916	0.138241
0.02095		0.006915	0.138252
0.021		0.006903	0.138656
0.02105		0.006863	0.13833
0.0211		0.006922	0.138582
0.02115		0.006956	0.138374
0.0212		0.006875	0.138585
0.02125		0.006934	0.13832
0.0213		0.006907	0.138559
0.02135		0.00682	0.138234
0.0214		0.003519	0.138641
0.02145		0.001741	0.137895
0.0215		0.001675	0.145674
0.02155		0.001527	0.152553
0.0216		0.001592	0.152627
0.02165		0.001577	0.153265
0.0217		0.001623	0.152974
0.02175		0.001608	0.153236
0.0218		0.001575	0.152834
0.02185		0.001523	0.153118
0.0219		0.001535	0.152816
0.02195		0.001601	0.153112
0.022		0.001507	0.152771
0.02205		0.002065	0.153233
0.0221		0.002638	0.152522
0.02215		0.002596	0.15554
0.0222		0.002601	0.161298
0.02225		0.002569	0.162126
0.0223		0.002618	0.162394
0.02235		0.002612	0.162215
0.0224		0.002624	0.162298
0.02245		0.002595	0.162221
0.0225		0.002627	0.162187
0.02255		0.002635	0.162178
0.0226		0.002596	0.16208
0.02265		0.002588	0.162255
0.0227		0.002655	0.161981
0.02275		0.002606	0.162554
0.0228		0.002628	0.158773
0.02285		0.002655	0.1329
0.0229		0.002638	0.124334
0.02295		0.002646	0.123365
0.023		0.002631	0.123176
0.02305		0.002599	0.122987
0.0231		0.00264	0.123106
0.02315		0.002566	0.122799
0.0232		0.002632	0.123083
0.02325		0.002595	0.122634
0.0233		0.002684	0.123255
0.02335		0.002539	0.122478
0.0234		0.001833	0.123557
0.02345		0.001515	0.121883
0.0235		0.00156	0.143082
0.02355		0.001526	0.160203
0.0236		0.001533	0.160662
0.02365		0.001557	0.1621
0.0237		0.00157	0.16131
0.02375		0.001549	0.161895
0.0238		0.001541	0.161461
0.02385		0.00153	0.161783
0.0239		0.001619	0.16148
0.02395		0.001534	0.161556
0.024		0.001685	0.161631
0.02405		0.000265	0.161335
0.0241		-0.001208	0.161937
0.02415		-0.001352	0.158297
0.0242		-0.001456	0.147813
0.02425		-0.001372	0.146121
0.0243		-0.001455	0.145464
0.02435		-0.001359	0.145623
0.0244		-0.001442	0.145383
0.02445		-0.001381	0.145533
0.0245		-0.001422	0.145333
0.02455		-0.001387	0.145468
0.0246		-0.001413	0.145331
0.02465		-0.001285	0.145419
0.0247		-0.001682	0.1453
0.02475		-0.002366	0.145315
0.0248		-0.002458	0.145072
0.02485		-0.00249	0.144359
0.0249		-0.002451	0.144243
0.02495		-0.002498	0.144144
0.025		-0.002521	0.144121
0.02505		-0.002417	0.144069
0.0251		-0.002424	0.144091
0.02515		-0.002468	0.144062
0.0252		-0.002496	0.144074
0.02525		-0.002457	0.144006
0.0253		-0.002403	0.144084
0.02535		-0.002765	0.14397
0.0254		-0.004144	0.144001
0.02545		-0.004523	0.14458
0.0255		-0.00461	0.153607
0.02555		-0.004598	0.15731
0.0256		-0.004604	0.157508
0.02565		-0.00458	0.157572
0.0257		-0.004634	0.157665
0.02575		-0.004616	0.157557
0.0258		-0.004582	0.157717
0.02585		-0.004571	0.157413
0.0259		-0.004558	0.157776
0.02595		-0.004575	0.157286
0.026		-0.004562	0.157942
0.02605		-0.004601	0.156895
0.0261		-0.004605	0.158356
0.02615		-0.004569	0.143167
0.0262		-0.004576	0.129186
0.02625		-0.004639	0.128793
0.0263		-0.004624	0.127568
0.02635		-0.004602	0.128087
0.0264		-0.004595	0.127559
0.02645		-0.004628	0.12788
0.0265		-0.004605	0.127566
0.02655		-0.004613	0.127843
0.0266		-0.004605	0.127653
0.02665		-0.004627	0.127684
0.0267		-0.004625	0.127795
0.02675		-0.004638	0.12742
0.0268		-0.004599	0.129569
0.02685		-0.004616	0.137177
0.0269		-0.004558	0.138644
0.02695		-0.004547	0.139041
0.027		-0.004553	0.138881
0.02705		-0.004577	0.139035
0.0271		-0.004542	0.138937
0.02715		-0.004605	0.139009
0.0272		-0.004613	0.138987
0.02725		-0.004671	0.138924
0.0273		-0.004469	0.138896
0.02735		-0.00539	0.138826
0.0274		-0.007306	0.139126
0.02745		-0.007606	0.136642
0.0275		-0.007724	0.111484
0.02755		-0.007614	0.101025
0.0276		-0.007709	0.10056
0.02765		-0.007717	0.099738
0.0277		-0.007696	0.100161
0.02775		-0.007677	0.099624
0.0278		-0.007695	0.100071
0.02785		-0.007683	0.099653
0.0279		-0.007711	0.100108
0.02795		-0.007628	0.099491
0.028		-0.007765	0.100263
0.02805		-0.009219	0.099129
0.0281		-0.009768	0.100727
0.02815		-0.009749	0.085963
0.0282		-0.009761	0.071638
0.02825		-0.009809	0.071283
0.0283		-0.009854	0.069927
0.02835		-0.009891	0.07064
0.0284		-0.009871	0.069949
0.02845		-0.009761	0.070654
0.0285		-0.009805	0.069979
0.02855		-0.00979	0.070573
0.0286		-0.009827	0.06985
0.02865		-0.009672	0.070643
0.0287		-0.010184	0.069637
0.02875		-0.010826	0.071241
0.0288		-0.010829	0.063044
0.02885		-0.010851	0.048525
0.0289		-0.010852	0.046949
0.02895		-0.010895	0.04589
0.029		-0.010895	0.046282
0.02905		-0.010911	0.045894
0.0291		-0.010855	0.046223
0.02915		-0.010782	0.045946
0.0292		-0.010873	0.046119
0.02925		-0.01087	0.045899
0.0293		-0.010858	0.046141
0.02935		-0.010415	0.04595
0.0294		-0.009799	0.046246
0.02945		-0.009766	0.045162
0.0295		-0.009739	0.041795
0.02955		-0.009738	0.040896
0.0296		-0.009769	0.040811
0.02965		-0.009779	0.040774
0.0297		-0.009746	0.040738
0.02975		-0.009727	0.040741
0.0298		-0.009775	0.040752
0.02985		-0.009729	0.040752
0.0299		-0.009842	0.040771
0.02995		-0.009658	0.040713
0.03		-0.010239	0.040724
0.03005		-0.012372	0.040756
0.0301		-0.012867	0.040102
0.03015		-0.012976	0.032157
0.0302		-0.012963	0.02847
0.03025		-0.012981	0.028356
0.0303		-0.0129	0.028032
0.03035		-0.013025	0.028269
0.0304		-0.013004	0.027962
0.03045		-0.013044	0.028224
0.0305		-0.012963	0.027984
0.03055		-0.013046	0.028219
0.0306		-0.013002	0.027862
0.03065		-0.012958	0.028279
0.0307		-0.012352	0.027779
0.03075		-0.011868	0.028692
0.0308		-0.011841	0.021747
0.03085		-0.011779	0.014112
0.0309		-0.011808	0.013837
0.03095		-0.011738	0.013115
0.031		-0.011794	0.013513
0.03105		-0.011834	0.013092
0.0311		-0.011813	0.013365
0.03115		-0.011757	0.013129
0.0312		-0.011779	0.013335
0.03125		-0.011773	0.013168
0.0313		-0.011727	0.013431
0.03135		-0.011765	0.013089
0.0314		-0.011808	0.013579
0.03145		-0.011783	0.01179
0.0315		-0.011779	0.006218
0.03155		-0.011787	0.005027
0.0316		-0.011771	0.004724
0.03165		-0.011802	0.004757
0.0317		-0.011775	0.004726
0.03175		-0.011816	0.00476
0.0318		-0.011802	0.004779
0.03185		-0.011808	0.004791
0.0319		-0.011725	0.004786
0.03195		-0.011745	0.00475
0.032		-0.011433	0.00468
0.03205		-0.010758	0.005034
0.0321		-0.010749	0.002133
0.03215		-0.01077	-0.02649
0.0322		-0.010742	-0.03805
0.03225		-0.010766	-0.038654
0.0323		-0.01074	-0.039463
0.03235		-0.010696	-0.039109
0.0324		-0.01063	-0.039453
0.03245		-0.010723	-0.03923
0.0325		-0.010701	-0.039441
0.03255		-0.010703	-0.039213
0.0326		-0.010736	-0.039357
0.03265		-0.010763	-0.039189
0.0327		-0.0114	-0.039427
0.03275		-0.011651	-0.039116
0.0328		-0.011691	-0.042043
0.03285		-0.011746	-0.045355
0.0329		-0.011793	-0.045285
0.03295		-0.011772	-0.04579
0.033		-0.011749	-0.045378
0.03305		-0.011743	-0.045809
0.0331		-0.01176	-0.04535
0.03315		-0.011712	-0.045854
0.0332		-0.011705	-0.045144
0.03325		-0.011732	-0.046067
0.0333		-0.011769	-0.044896
0.03335		-0.012555	-0.046566
0.0334		-0.012887	-0.043663
0.03345		-0.012926	-0.058638
0.0335		-0.012918	-0.085305
0.03355		-0.012799	-0.088045
0.0336		-0.012882	-0.089911
0.03365		-0.0129	-0.08913
0.0337		-0.012834	-0.089881
0.03375		-0.012848	-0.089346
0.0338		-0.012847	-0.089766
0.03385		-0.012904	-0.089349
0.0339		-0.01281	-0.089681
0.03395		-0.012973	-0.089371
0.034		-0.012445	-0.089707
0.03405		-0.011771	-0.089213
0.0341		-0.011732	-0.090646
0.03415		-0.011658	-0.099594
0.0342		-0.01174	-0.102839
0.03425		-0.011651	-0.102958
0.0343		-0.011694	-0.103174
0.03435		-0.011677	-0.103031
0.0344		-0.011708	-0.103163
0.03445		-0.01168	-0.103059
0.0345		-0.011736	-0.103151
0.03455		-0.011584	-0.103037
0.0346		-0.01178	-0.103113
0.03465		-0.011247	-0.102999
0.0347		-0.009883	-0.10305
0.03475		-0.009618	-0.10327
0.0348		-0.009611	-0.109575
0.03485		-0.009632	-0.113159
0.0349		-0.009576	-0.113208
0.03495		-0.009539	-0.113602
0.035		-0.009568	-0.11324
0.03505		-0.009573	-0.11351
0.0351		-0.009598	-0.113171
0.03515		-0.009583	-0.1135
0.0352		-0.009587	-0.113151
0.03525		-0.00965	-0.113614
0.0353		-0.009502	-0.113038
0.03535		-0.009533	-0.113825
0.0354		-0.009483	-0.112351
0.03545		-0.009552	-0.119786
0.0355		-0.009529	-0.133222
0.03555		-0.009565	-0.134701
0.0356		-0.009531	-0.135588
0.03565		-0.009558	-0.1352
0.0357		-0.009528	-0.135569
0.03575		-0.009616	-0.135304
0.0358		-0.009544	-0.135492
0.03585		-0.009574	-0.135199
0.0359		-0.009465	-0.135431
0.03595		-0.009683	-0.135155
0.036		-0.006797	-0.135499
0.03605		-0.004545	-0.135014
0.0361		-0.004475	-0.136463
0.03615		-0.004276	-0.139719
0.0362		-0.004432	-0.140285
0.03625		-0.00428	-0.140438
0.0363		-0.004336	-0.140374
0.03635		-0.004294	-0.140319
0.0364		-0.004317	-0.140407
0.03645		-0.004312	-0.140274
0.0365		-0.004246	-0.140307
0.03655		-0.004316	-0.140274
0.0366		-0.004242	-0.140348
0.03665		-0.004765	-0.140274
0.0367		-0.006096	-0.14024
0.03675		-0.00626	-0.141203
0.0368		-0.006401	-0.157391
0.03685		-0.006314	-0.164735
0.0369		-0.006383	-0.164964
0.03695		-0.006386	-0.165423
0.037		-0.006364	-0.165235
0.03705		-0.006368	-0.165394
0.0371		-0.006321	-0.165294
0.03715		-0.006354	-0.16527
0.0372		-0.006342	-0.16522
0.03725		-0.006316	-0.165213
0.0373		-0.006286	-0.165263
0.03735		-0.00493	-0.165104
0.0374		-0.00431	-0.164906
0.03745		-0.004325	-0.156375
0.0375		-0.004285	-0.151806
0.03755		-0.004277	-0.151654
0.0376		-0.004298	-0.151208
0.03765		-0.004254	-0.151269
0.0377		-0.004339	-0.151288
0.03775		-0.004354	-0.151166
0.0378		-0.004321	-0.15136
0.03785		-0.004258	-0.151085
0.0379		-0.00432	-0.151354
0.03795		-0.004273	-0.150885
0.038		-0.004283	-0.151528
0.03805		-0.004229	-0.150205
0.0381		-0.004264	-0.15899
0.03815		-0.004236	-0.169795
0.0382		-0.004285	-0.170278
0.03825		-0.004248	-0.171188
0.0383		-0.004355	-0.170725
0.03835		-0.004273	-0.171041
0.0384		-0.004283	-0.170804
0.03845		-0.004227	-0.171007
0.0385		-0.004391	-0.170772
0.03855		-0.004213	-0.170841
0.0386		-0.004524	-0.170772
0.03865		-0.002653	-0.17079
0.0387		-0.000223	-0.170789
0.03875		-0.000134	-0.170002
0.0388		3.02E-05	-0.167229
0.03885		-5.21E-05	-0.166695
0.0389		3.70E-05	-0.166499
0.03895		-3.02E-05	-0.166519
0.039		6.85E-05	-0.166472
0.03905		-1.37E-06	-0.166532
0.0391		2.33E-05	-0.166371
0.03915		-4.52E-05	-0.166429
0.0392		1.23E-05	-0.166331
0.03925		-9.60E-05	-0.16641
0.0393		0.000495	-0.166342
0.03935		0.002468	-0.16636
0.0394		0.002952	-0.166105
0.03945		0.003001	-0.164751
0.0395		0.003012	-0.164124
0.03955		0.003001	-0.164158
0.0396		0.003027	-0.164074
0.03965		0.002976	-0.164093
0.0397		0.00298	-0.163939
0.03975		0.002956	-0.164061
0.0398		0.002935	-0.163845
0.03985		0.002968	-0.164069
0.0399		0.002983	-0.163744
0.03995		0.002971	-0.164099
0.04		0.00293	-0.163489
0.04005		0.002956	-0.164399
0.0401		0.002978	-0.155132
0.04015		0.002939	-0.145663
0.0402		0.002963	-0.145523
0.04025		0.00298	-0.144451
0.0403		0.002905	-0.145019
0.04035		0.002965	-0.144459
0.0404		0.002921	-0.145004
0.04045		0.002949	-0.144337
0.0405		0.002987	-0.144968
0.04055		0.00298	-0.144254
0.0406		0.002968	-0.145052
0.04065		0.003008	-0.143922
0.0407		0.003005	-0.14573
0.04075		0.003002	-0.136753
0.0408		0.002991	-0.119146
0.04085		0.003002	-0.116933
0.0409		0.002947	-0.115853
0.04095		0.002952	-0.116221
0.041		0.002969	-0.115847
0.04105		0.002984	-0.116029
0.0411		0.002997	-0.1158
0.04115		0.002963	-0.115923
0.0412		0.002946	-0.115785
0.04125		0.00295	-0.115907
0.0413		0.002594	-0.115846
0.04135		0.002019	-0.115696
0.0414		0.001944	-0.116945
0.04145		0.001873	-0.126199
0.0415		0.001943	-0.129139
0.04155		0.001882	-0.129533
0.0416		0.001884	-0.129538
0.04165		0.001867	-0.129544
0.0417		0.001844	-0.129496
0.04175		0.001906	-0.129537
0.0418		0.00189	-0.129468
0.04185		0.001874	-0.129527
0.0419		0.001896	-0.129353
0.04195		0.001947	-0.129515
0.042		0.002591	-0.129182
0.04205		0.002928	-0.129636
0.0421		0.002941	-0.125744
0.04215		0.00296	-0.121353
0.0422		0.002982	-0.121218
0.04225		0.002989	-0.120701
0.0423		0.002906	-0.120954
0.04235		0.002969	-0.120664
0.0424		0.002934	-0.120951
0.04245		0.002991	-0.120637
0.0425		0.002916	-0.120959
0.04255		0.002968	-0.120571
0.0426		0.002957	-0.121018
0.04265		0.004864	-0.120324
0.0427		0.006095	-0.121296
0.04275		0.006048	-0.114863
0.0428		0.006129	-0.106725
0.04285		0.006129	-0.106278
0.0429		0.006217	-0.105515
0.04295		0.006165	-0.105914
0.043		0.006172	-0.105612
0.04305		0.006149	-0.105849
0.0431		0.006147	-0.105554
0.04315		0.006094	-0.105826
0.0432		0.006164	-0.105408
0.04325		0.006131	-0.105785
0.0433		0.006535	-0.105347
0.04335		0.007127	-0.106175
0.0434		0.007112	-0.101969
0.04345		0.007179	-0.07764
0.0435		0.007193	-0.069941
0.04355		0.007203	-0.069183
0.0436		0.007197	-0.06887
0.04365		0.007247	-0.068894
0.0437		0.007204	-0.06888
0.04375		0.007215	-0.068799
0.0438		0.00713	-0.068848
0.04385		0.007195	-0.068693
0.0439		0.007116	-0.068885
0.04395		0.007599	-0.068718
0.044		0.009633	-0.068895
0.04405		0.01016	-0.069526
0.0441		0.010264	-0.08748
0.04415		0.010205	-0.096121
0.0442		0.010195	-0.096541
0.04425		0.010141	-0.097064
0.0443		0.010191	-0.096937
0.04435		0.010224	-0.096978
0.0444		0.010175	-0.097068
0.04445		0.010248	-0.09682
0.0445		0.010223	-0.097243
0.04455		0.01025	-0.096708
0.0446		0.010267	-0.097393
0.04465		0.010176	-0.096266
0.0447		0.010195	-0.09792
0.04475		0.010224	-0.074899
0.0448		0.010228	-0.055385
0.04485		0.010193	-0.055161
0.0449		0.010246	-0.053235
0.04495		0.010231	-0.05438
0.045		0.010215	-0.053294
0.04505		0.010182	-0.054282
0.0451		0.010191	-0.05331
0.04515		0.010158	-0.054233
0.0452		0.010211	-0.053219
0.04525		0.010115	-0.054418
0.0453		0.010749	-0.052827
0.04535		0.011285	-0.055309
0.0454		0.011262	-0.043482
0.04545		0.011339	-0.0217
0.0455		0.011255	-0.019127
0.04555		0.011289	-0.017841
0.0456		0.011309	-0.018325
0.04565		0.011314	-0.01774
0.0457		0.011287	-0.018066
0.04575		0.011298	-0.017779
0.0458		0.011259	-0.018037
0.04585		0.011283	-0.017831
0.0459		0.011278	-0.018058
0.04595		0.011354	-0.017781
0.046		0.01132	-0.01801
0.04605		0.011265	-0.017486
0.0461		0.011246	-0.015534
0.04615		0.011288	-0.014718
0.0462		0.01124	-0.014766
0.04625		0.011291	-0.014555
0.0463		0.01132	-0.014773
0.04635		0.011261	-0.01461
0.0464		0.011278	-0.014892
0.04645		0.011265	-0.014548
0.0465		0.011292	-0.014861
0.04655		0.011221	-0.014419
0.0466		0.011261	-0.015036
0.04665		0.0113	-0.0142
0.0467		0.011239	-0.015597
0.04675		0.011214	-0.004517
0.0468		0.011192	0.007141
0.04685		0.01123	0.007555
0.0469		0.011274	0.008615
0.04695		0.011209	0.008125
0.047		0.011239	0.008512
0.04705		0.011229	0.008184
0.0471		0.011236	0.008502
0.04715		0.011191	0.008198
0.0472		0.011213	0.008474
0.04725		0.011158	0.008253
0.0473		0.011727	0.008512
0.04735		0.012209	0.008114
0.0474		0.012304	0.00965
0.04745		0.012316	0.012211
0.0475		0.012248	0.012392
0.04755		0.01219	0.012686
0.0476		0.012208	0.012515
0.04765		0.012182	0.012625
0.0477		0.012271	0.012486
0.04775		0.012143	0.01266
0.0478		0.012253	0.012392
0.04785		0.012126	0.012704
0.0479		0.012403	0.012324
0.04795		0.01066	0.012878
0.048		0.008365	0.011932
0.04805		0.008219	0.016533
0.0481		0.008079	0.039627
0.04815		0.00812	0.046323
0.0482		0.008106	0.047124
0.04825		0.008092	0.04723
0.0483		0.008039	0.047263
0.04835		0.00804	0.047284
0.0484		0.008069	0.047329
0.04845		0.00808	0.04732
0.0485		0.008156	0.04734
0.04855		0.008009	0.047298
0.0486		0.008528	0.047307
0.04865		0.010594	0.047124
0.0487		0.011099	0.048083
0.04875		0.011193	0.058187
0.0488		0.0111	0.062467
0.04885		0.011156	0.062646
0.0489		0.011178	0.06301
0.04895		0.011159	0.06272
0.049		0.011073	0.063059
0.04905		0.011118	0.062764
0.0491		0.011195	0.063052
0.04915		0.011166	0.062664
0.0492		0.011147	0.06306
0.04925		0.011062	0.062515
0.0493		0.010411	0.063288
0.04935		0.010119	0.062021
0.0494		0.01011	0.069715
0.04945		0.010034	0.080356
0.0495		0.010034	0.081056
0.04955		0.010046	0.081882
0.0496		0.010068	0.081429
0.04965		0.010058	0.081814
0.0497		0.010069	0.081507
0.04975		0.010093	0.081786
0.0498		0.010069	0.081478
0.04985		0.010013	0.081742
0.0499		0.01011	0.081376
0.04995		0.009662	0.081747
0.05		0.009103	0.081223
0.05005		0.009078	0.083475
0.0501		0.008931	0.088053
0.05015		0.008944	0.08867
0.0502		0.008973	0.088929
0.05025		0.008977	0.088838
0.0503		0.009018	0.088947
0.05035		0.008984	0.088827
0.0504		0.009038	0.088899
0.05045		0.009033	0.088855
0.0505		0.008985	0.08888
0.05055		0.009073	0.088795
0.0506		0.008841	0.08889
0.05065		0.008214	0.088576
0.0507		0.008032	0.090133
0.05075		0.007964	0.101728
0.0508		0.007976	0.10606
0.05085		0.007981	0.106308
0.0509		0.00802	0.106646
0.05095		0.007987	0.106448
0.051		0.007996	0.106632
0.05105		0.008013	0.106459
0.0511		0.008025	0.10655
0.05115		0.007966	0.106355
0.0512		0.007935	0.106537
0.05125		0.007777	0.106236
0.0513		0.007186	0.106566
0.05135		0.006971	0.106057
0.0514		0.006971	0.114011
0.05145		0.006952	0.120621
0.0515		0.006952	0.120616
0.05155		0.006981	0.121349
0.0516		0.00692	0.120789
0.05165		0.006981	0.121339
0.0517		0.006998	0.120741
0.05175		0.006968	0.12136
0.0518		0.006919	0.120686
0.05185		0.006897	0.121525
0.0519		0.007018	0.120366
0.05195		0.005825	0.121753
0.052		0.004922	0.119446
0.05205		0.004878	0.135044
0.0521		0.004913	0.153488
0.05215		0.004893	0.154514
0.0522		0.004808	0.155917
0.05225		0.004828	0.155336
0.0523		0.004868	0.155795
0.05235		0.004917	0.155435
0.0524		0.004867	0.155673
0.05245		0.004869	0.155521
0.0525		0.004898	0.155529
0.05255		0.004802	0.155524
0.0526		0.005122	0.155226
0.05265		0.005754	0.155982
0.0527		0.005839	0.152046
0.05275		0.005924	0.140962
0.0528		0.005925	0.139074
0.05285		0.005889	0.138366
0.0529		0.0059	0.138499
0.05295		0.005872	0.138218
0.053		0.005933	0.138423
0.05305		0.005804	0.138252
0.0531		0.005876	0.138323
0.05315		0.005869	0.138168
0.0532		0.005918	0.13827
0.05325		0.005425	0.138241
0.0533		0.004032	0.138141
0.05335		0.003782	0.138185
0.0534		0.003688	0.140108
0.05345		0.003697	0.141265
0.0535		0.003763	0.141114
0.05355		0.003664	0.141271
0.0536		0.003651	0.141102
0.05365		0.003704	0.141262
0.0537		0.003699	0.141091
0.05375		0.003729	0.141295
0.0538		0.003707	0.140935
0.05385		0.003715	0.141376
0.0539		0.003811	0.140796
0.05395		0.004579	0.141469
0.054		0.004872	0.140163
0.05405		0.004861	0.148331
0.0541		0.004839	0.159687
0.05415		0.004828	0.160414
0.0542		0.004817	0.161316
0.05425		0.004858	0.160912
0.0543		0.00478	0.161225
0.05435		0.00486	0.160927
0.0544		0.004863	0.161146
0.05445		0.004885	0.160857
0.0545		0.004728	0.161138
0.05455		0.005002	0.160851
0.0546		0.003364	0.161058
0.05465		0.001786	0.160726
0.0547		0.001699	0.162003
0.05475		0.001559	0.164558
0.0548		0.001648	0.164906
0.05485		0.001603	0.16507
0.0549		0.001685	0.164928
0.05495		0.001559	0.165016
0.055		0.001638	0.164931
0.05505		0.001537	0.165008
0.0551		0.001693	0.16478
0.05515		0.001534	0.164956
0.0552		0.00177	0.164672
0.05525		0.000321	0.165097
0.0553		-0.001963	0.164591
0.05535		-0.002269	0.164468
0.0554		-0.002454	0.146982
0.05545		-0.002328	0.136943
0.0555		-0.002357	0.136825
0.05555		-0.002325	0.135899
0.0556		-0.002428	0.136328
0.05565		-0.002402	0.135887
0.0557		-0.002399	0.136204
0.05575		-0.0024	0.135855
0.0558		-0.002421	0.136112
0.05585		-0.002443	0.135817
0.0559		-0.002303	0.136013
0.05595		-0.001553	0.135738
0.056		-0.001371	0.13601
0.05605		-0.00135	0.133243
0.0561		-0.001357	0.131854
0.05615		-0.00126	0.131659
0.0562		-0.001335	0.131714
0.05625		-0.001334	0.131481
0.0563		-0.001328	0.131696
0.05635		-0.001375	0.131362
0.0564		-0.001363	0.131772
0.05645		-0.001283	0.131208
0.0565		-0.001337	0.131829
0.05655		-0.001354	0.130992
0.0566		-0.002573	0.132218
0.05665		-0.003349	0.130044
0.0567		-0.003368	0.140624
0.05675		-0.003429	0.162214
0.0568		-0.003438	0.164935
0.05685		-0.003456	0.166355
0.0569		-0.003401	0.165807
0.05695		-0.003397	0.166287
0.057		-0.003378	0.165892
0.05705		-0.003375	0.166194
0.0571		-0.003419	0.16595
0.05715		-0.003451	0.16602
0.0572		-0.003368	0.165943
0.05725		-0.003754	0.165999
0.0573		-0.004403	0.165996
0.05735		-0.004545	0.165205
0.0574		-0.004605	0.159691
0.05745		-0.004556	0.157727
0.0575		-0.004593	0.157595
0.05755		-0.004605	0.157451
0.0576		-0.004582	0.157561
0.05765		-0.004546	0.157371
0.0577		-0.004584	0.157554
0.05775		-0.004551	0.157243
0.0578		-0.004595	0.157546
0.05785		-0.004468	0.157095
0.0579		-0.005022	0.15759
0.05795		-0.006347	0.156961
0.058		-0.006524	0.156691
0.05805		-0.006638	0.126284
0.0581		-0.006611	0.109172
0.05815		-0.006638	0.108765
0.0582		-0.006613	0.107315
0.05825		-0.006704	0.107918
0.0583		-0.006674	0.107339
0.05835		-0.006648	0.107678
0.0584		-0.006687	0.107395
0.05845		-0.006626	0.107602
0.0585		-0.006606	0.107456
0.05855		-0.00659	0.107402
0.0586		-0.005937	0.107583
0.05865		-0.005584	0.107328
0.0587		-0.005608	0.110472
0.05875		-0.005634	0.113421
0.0588		-0.005585	0.113507
0.05885		-0.005575	0.113719
0.0589		-0.005578	0.113677
0.05895		-0.005523	0.113582
0.059		-0.005563	0.113755
0.05905		-0.00554	0.113528
0.0591		-0.005549	0.113773
0.05915		-0.005492	0.113315
0.0592		-0.005608	0.113966
0.05925		-0.005167	0.112948
0.0593		-0.004608	0.114897
0.05935		-0.004551	0.105907
0.0594		-0.004549	0.068976
0.05945		-0.004542	0.059574
0.0595		-0.004604	0.058062
0.05955		-0.004587	0.058
0.0596		-0.004562	0.057752
0.05965		-0.004512	0.057904
0.0597		-0.004579	0.057777
0.05975		-0.004495	0.057825
0.0598		-0.004625	0.057777
0.05985		-0.004365	0.057777
0.0599		-0.005588	0.057782
0.05995		-0.008242	0.057627
0.06		-0.008578	0.058679
0.06005		-0.008814	0.065088
0.0601		-0.008761	0.066685
0.06015		-0.008741	0.067105
0.0602		-0.008759	0.066873
0.06025		-0.008735	0.067143
0.0603		-0.008666	0.066814
0.06035		-0.008768	0.067207
0.0604		-0.008757	0.066745
0.06045		-0.008738	0.06734
0.0605		-0.008718	0.066492
0.06055		-0.008982	0.067532
0.0606		-0.010315	0.066065
0.06065		-0.010801	0.068397
0.0607		-0.010859	0.047838
0.06075		-0.010885	0.027162
0.0608		-0.010833	0.02646
0.06085		-0.010801	0.024665
0.0609		-0.010771	0.025555
0.06095		-0.01084	0.024765
0.061		-0.010738	0.025377
0.06105		-0.010779	0.024772
0.0611		-0.010823	0.025284
0.06115		-0.010829	0.024866
0.0612		-0.010763	0.02527
0.06125		-0.012028	0.024812
0.0613		-0.012823	0.025285
0.06135		-0.012895	0.02366
0.0614		-0.012982	0.021335
0.06145		-0.012945	0.020917
0.0615		-0.013041	0.020879
0.06155		-0.012978	0.020872
0.0616		-0.012944	0.020813
0.06165		-0.012998	0.020797
0.0617		-0.012954	0.020771
0.06175		-0.013037	0.020809
0.0618		-0.012911	0.020841
0.06185		-0.013166	0.020865
0.0619		-0.011657	0.020782
0.06195		-0.009903	0.020891
0.062		-0.009838	0.020214
0.06205		-0.009672	0.016075
0.0621		-0.009701	0.014644
0.06215		-0.009733	0.014547
0.0622		-0.00969	0.014397
0.06225		-0.009733	0.01446
0.0623		-0.009666	0.014404
0.06235		-0.009664	0.014441
0.0624		-0.009591	0.014371
0.06245		-0.009747	0.014415
0.0625		-0.009548	0.0144
0.06255		-0.010677	0.014415
0.0626		-0.014126	0.014549
0.06265		-0.014799	0.013013
0.0627		-0.015084	-0.003972
0.06275		-0.015021	-0.011161
0.0628		-0.015059	-0.01148
0.06285		-0.015036	-0.012005
0.0629		-0.01508	-0.01183
0.06295		-0.015044	-0.012034
0.063		-0.015028	-0.011873
0.06305		-0.015005	-0.011975
0.0631		-0.014992	-0.011923
0.06315		-0.015043	-0.011978
0.0632		-0.014959	-0.011857
0.06325		-0.014208	-0.012005
0.0633		-0.013917	-0.011806
0.06335		-0.013961	-0.012703
0.0634		-0.013934	-0.014671
0.06345		-0.013982	-0.014894
0.0635		-0.013971	-0.015106
0.06355		-0.013997	-0.014974
0.0636		-0.013933	-0.015158
0.06365		-0.013998	-0.014935
0.0637		-0.013975	-0.015158
0.06375		-0.014048	-0.014896
0.0638		-0.013871	-0.015246
0.06385		-0.014031	-0.014796
0.0639		-0.013136	-0.015338
0.06395		-0.011886	-0.014331
0.064		-0.011849	-0.020059
0.06405		-0.011698	-0.030318
0.0641		-0.011769	-0.031279
0.06415		-0.011703	-0.032111
0.0642		-0.011684	-0.031801
0.06425		-0.011651	-0.032123
0.0643		-0.01171	-0.031782
0.06435		-0.011679	-0.032023
0.0644		-0.011753	-0.031749
0.06445		-0.011671	-0.03205
0.0645		-0.011743	-0.031693
0.06455		-0.011427	-0.032157
0.0646		-0.010784	-0.031284
0.06465		-0.010701	-0.035748
0.0647		-0.010633	-0.067542
0.06475		-0.010626	-0.078756
0.0648		-0.010637	-0.079566
0.06485		-0.010648	-0.080232
0.0649		-0.010656	-0.080013
0.06495		-0.010703	-0.08021
0.065		-0.010635	-0.079981
0.06505		-0.010648	-0.080121
0.0651		-0.010648	-0.07995
0.06515		-0.010701	-0.080123
0.0652		-0.010415	-0.079992
0.06525		-0.009108	-0.080199
0.0653		-0.008607	-0.07984
0.06535		-0.008541	-0.083191
0.0654		-0.008548	-0.086112
0.06545		-0.008548	-0.086031
0.0655		-0.008598	-0.086401
0.06555		-0.00856	-0.086123
0.0656		-0.008597	-0.086403
0.06565		-0.008594	-0.086041
0.0657		-0.008519	-0.086496
0.06575		-0.008611	-0.085971
0.0658		-0.008496	-0.086497
0.06585		-0.008508	-0.085776
0.0659		-0.007884	-0.086848
0.06595		-0.0075	-0.085002
0.066		-0.007487	-0.095878
0.06605		-0.007467	-0.111372
0.0661		-0.00746	-0.112418
0.06615		-0.007411	-0.113607
0.0662		-0.007423	-0.113049
0.06625		-0.007488	-0.113534
0.0663		-0.007429	-0.113137
0.06635		-0.007419	-0.113436
0.0664		-0.007366	-0.113129
0.06645		-0.00741	-0.113395
0.0665		-0.007408	-0.113162
0.06655		-0.007737	-0.113404
0.0666		-0.008438	-0.113045
0.06665		-0.008494	-0.113684
0.0667		-0.00852	-0.115625
0.06675		-0.008533	-0.11632
0.0668		-0.008591	-0.116235
0.06685		-0.008516	-0.116417
0.0669		-0.008504	-0.116219
0.06695		-0.008504	-0.116376
0.067		-0.008491	-0.116105
0.06705		-0.008563	-0.11632
0.0671		-0.008461	-0.116073
0.06715		-0.00863	-0.116385
0.0672		-0.008025	-0.115905
0.06725		-0.006624	-0.116453
0.0673		-0.006395	-0.116046
0.06735		-0.006353	-0.132079
0.0674		-0.006432	-0.14267
0.06745		-0.006351	-0.142876
0.0675		-0.00641	-0.143725
0.06755		-0.006399	-0.143235
0.0676		-0.006416	-0.143655
0.06765		-0.006409	-0.143287
0.0677		-0.006425	-0.14356
0.06775		-0.006376	-0.143289
0.0678		-0.006353	-0.143459
0.06785		-0.006373	-0.143263
0.0679		-0.006361	-0.143478
0.06795		-0.006314	-0.143147
0.068		-0.006339	-0.144613
0.06805		-0.006368	-0.146185
0.0681		-0.006357	-0.146335
0.06815		-0.006371	-0.146403
0.0682		-0.006386	-0.146335
0.06825		-0.006308	-0.146328
0.0683		-0.006373	-0.146291
0.06835		-0.006364	-0.14639
0.0684		-0.006464	-0.146187
0.06845		-0.006373	-0.146383
0.0685		-0.006498	-0.146114
0.06855		-0.005578	-0.146472
0.0686		-0.004413	-0.145874
0.06865		-0.004343	-0.148745
0.0687		-0.004222	-0.152904
0.06875		-0.004285	-0.153221
0.0688		-0.004254	-0.153432
0.06885		-0.004313	-0.15335
0.0689		-0.004284	-0.153361
0.06895		-0.004216	-0.153336
0.069		-0.004261	-0.153376
0.06905		-0.0042	-0.153383
0.0691		-0.004227	-0.153211
0.06915		-0.004189	-0.153367
0.0692		-0.004451	-0.152999
0.06925		-0.005129	-0.15379
0.0693		-0.005223	-0.149486
0.06935		-0.00533	-0.124766
0.0694		-0.005325	-0.11751
0.06945		-0.005277	-0.116491
0.0695		-0.005285	-0.116524
0.06955		-0.005288	-0.116172
0.0696		-0.005329	-0.116541
0.06965		-0.005278	-0.115991
0.0697		-0.005311	-0.116687
0.06975		-0.005263	-0.1158
0.0698		-0.005377	-0.116782
0.06985		-0.00482	-0.115386
0.0699		-0.001966	-0.117355
0.06995		-0.00112	-0.114084
0.07		-0.000979	-0.140093
0.07005		-0.00102	-0.167879
0.0701		-0.001049	-0.168962
0.07015		-0.001014	-0.171391
0.0702		-0.001035	-0.170156
0.07025		-0.001017	-0.171185
0.0703		-0.001053	-0.170309
0.07035		-0.000988	-0.171008
0.0704		-0.001036	-0.170389
0.07045		-0.001051	-0.170892
0.0705		-0.00108	-0.170379
0.07055		2.88E-05	-0.170772
0.0706		0.000816	-0.170312
0.07065		0.000842	-0.171631
0.0707		0.000939	-0.173232
0.07075		0.00088	-0.173581
0.0708		0.000934	-0.173505
0.07085		0.000897	-0.173554
0.0709		0.000971	-0.173429
0.07095		0.000924	-0.173492
0.071		0.000938	-0.173457
0.07105		0.00089	-0.173501
0.0711		0.000912	-0.173357
0.07115		0.000855	-0.173427
0.0712		0.001269	-0.173291
0.07125		0.001837	-0.173651
0.0713		0.001933	-0.171666
0.07135		0.001956	-0.161921
0.0714		0.00188	-0.158994
0.07145		0.001918	-0.158671
0.0715		0.001925	-0.158547
0.07155		0.002002	-0.158511
0.0716		0.001901	-0.158474
0.07165		0.001921	-0.158427
0.0717		0.001892	-0.158482
0.07175		0.001984	-0.158436
0.0718		0.001782	-0.158456
0.07185		0.002681	-0.158297
0.0719		0.004783	-0.158551
0.07195		0.005052	-0.156824
0.072		0.005192	-0.140985
0.07205		0.005096	-0.134847
0.0721		0.005164	-0.134508
0.07215		0.005142	-0.134075
0.0722		0.005203	-0.134195
0.07225		0.005105	-0.134075
0.0723		0.005087	-0.134088
0.07235		0.005097	-0.134094
0.0724		0.005105	-0.134013
0.07245		0.00516	-0.133977
0.0725		0.005	-0.133946
0.07255		0.002891	-0.134055
0.0726		0.002073	-0.133859
0.07265		0.001993	-0.136279
0.0727		0.00187	-0.137883
0.07275		0.001923	-0.137941
0.0728		0.001886	-0.138027
0.07285		0.001827	-0.137979
0.0729		0.001842	-0.137932
0.07295		0.001834	-0.138039
0.073		0.00191	-0.13789
0.07305		0.001827	-0.137982
0.0731		0.001952	-0.137747
0.07315		0.001882	-0.138061
0.0732		0.003671	-0.137499
0.07325		0.005068	-0.138389
0.0733		0.005011	-0.134204
0.07335		0.005113	-0.118769
0.0734		0.005097	-0.115236
0.07345		0.005159	-0.114601
0.0735		0.005174	-0.114572
0.07355		0.005175	-0.114324
0.0736		0.005109	-0.114457
0.07365		0.005198	-0.114393
0.0737		0.005123	-0.114431
0.07375		0.005183	-0.114361
0.0738		0.005182	-0.114465
0.07385		0.005105	-0.114291
0.0739		0.005111	-0.114582
0.07395		0.005182	-0.11309
0.074		0.005181	-0.101971
0.07405		0.00507	-0.097946
0.0741		0.005152	-0.097673
0.07415		0.005105	-0.09738
0.0742		0.005135	-0.09753
0.07425		0.005083	-0.097329
0.0743		0.005078	-0.097455
0.07435		0.005126	-0.097338
0.0744		0.005185	-0.097443
0.07445		0.005087	-0.097319
0.0745		0.005283	-0.097469
0.07455		0.006678	-0.097234
0.0746		0.007145	-0.097334
0.07465		0.007131	-0.094062
0.0747		0.0072	-0.092073
0.07475		0.007207	-0.092021
0.0748		0.007221	-0.09188
0.07485		0.007247	-0.091993
0.0749		0.007221	-0.091947
0.07495		0.007221	-0.091936
0.075		0.007238	-0.091943
0.07505		0.007238	-0.091915
0.0751		0.007267	-0.091996
0.07515		0.007221	-0.091759
0.0752		0.007739	-0.091955
0.07525		0.008175	-0.091748
0.0753		0.008179	-0.09235
0.07535		0.008158	-0.093477
0.0754		0.008179	-0.09388
0.07545		0.008214	-0.093719
0.0755		0.008165	-0.093992
0.07555		0.008258	-0.093629
0.0756		0.008251	-0.094047
0.07565		0.008239	-0.093579
0.0757		0.008239	-0.094154
0.07575		0.008228	-0.093464
0.0758		0.008169	-0.09434
0.07585		0.008587	-0.092895
0.0759		0.009167	-0.095373
0.07595		0.00916	-0.084012
0.076		0.00921	-0.052665
0.07605		0.009167	-0.047022
0.0761		0.009159	-0.045381
0.07615		0.009169	-0.0456
0.0762		0.00918	-0.045182
0.07625		0.009181	-0.045487
0.0763		0.009202	-0.045355
0.07635		0.009207	-0.045413
0.0764		0.009191	-0.045404
0.07645		0.009151	-0.045347
0.0765		0.009407	-0.045469
0.07655		0.010119	-0.045148
0.0766		0.010227	-0.045469
0.07665		0.010257	-0.033841
0.0767		0.010197	-0.025994
0.07675		0.01023	-0.02591
0.0768		0.010238	-0.025096
0.07685		0.010175	-0.025495
0.0769		0.010212	-0.025211
0.07695		0.010228	-0.02547
0.077		0.010154	-0.025278
0.07705		0.010224	-0.025433
0.0771		0.010164	-0.0253
0.07715		0.01036	-0.025347
0.0772		0.011014	-0.025355
0.07725		0.011283	-0.025385
0.0773		0.011258	-0.026273
0.07735		0.011224	-0.027367
0.0774		0.011267	-0.027291
0.07745		0.011309	-0.027524
0.0775		0.011244	-0.027335
0.07755		0.011307	-0.027448
0.0776		0.011204	-0.027274
0.07765		0.011251	-0.027488
0.0777		0.011174	-0.027304
0.07775		0.011289	-0.027499
0.0778		0.011147	-0.027174
0.07785		0.01219	-0.027672
0.0779		0.013351	-0.026956
0.07795		0.013366	-0.030322
0.078		0.013476	-0.036681
0.07805		0.013429	-0.037541
0.0781		0.013428	-0.037848
0.07815		0.013402	-0.037775
0.0782		0.01339	-0.037808
0.07825		0.013439	-0.037841
0.0783		0.01339	-0.037725
0.07835		0.013427	-0.037878
0.0784		0.013414	-0.03766
0.07845		0.013545	-0.037969
0.0785		0.013021	-0.037435
0.07855		0.011521	-0.038554
0.0786		0.011273	-0.032778
0.07865		0.011211	0.001978
0.0787		0.011196	0.013324
0.07875		0.011125	0.014259
0.0788		0.011182	0.014826
0.07885		0.011185	0.014552
0.0789		0.011213	0.014929
0.07895		0.011241	0.014584
0.079		0.011174	0.014929
0.07905		0.011221	0.01451
0.0791		0.011167	0.015043
0.07915		0.011429	0.014338
0.0792		0.012877	0.015306
0.07925		0.013362	0.014275
0.0793		0.013357	0.035803
0.07935		0.013361	0.051279
0.0794		0.013388	0.051605
0.07945		0.013354	0.052943
0.0795		0.013392	0.052234
0.07955		0.013416	0.05288
0.0796		0.013423	0.052367
0.07965		0.013359	0.052748
0.0797		0.01338	0.052473
0.07975		0.01335	0.052803
0.0798		0.013391	0.052439
0.07985		0.012777	0.052761
0.0799		0.01227	0.0522
0.07995		0.012268	0.055219
0.08		0.012231	0.058421
0.08005		0.012252	0.058587
0.0801		0.01213	0.058886
0.08015		0.012196	0.058705
0.0802		0.012204	0.058802
0.08025		0.012224	0.058662
0.0803		0.012163	0.058896
0.08035		0.0122	0.058669
0.0804		0.012101	0.058934
0.08045		0.012216	0.058491
0.0805		0.011289	0.059186
0.08055		0.01016	0.058018
0.0806		0.010105	0.063207
0.08065		0.010004	0.077523
0.0807		0.010061	0.080069
0.08075		0.010079	0.080799
0.0808		0.010084	0.080611
0.08085		0.010062	0.080819
0.0809		0.010027	0.080613
0.08095		0.009986	0.080704
0.081		0.01009	0.080598
0.08105		0.009999	0.080746
0.0811		0.009983	0.080641
0.08115		0.010239	0.080719
0.0812		0.01089	0.080611
0.08125		0.011047	0.080724
0.0813		0.011088	0.080611
0.08135		0.0111	0.080697
0.0814		0.011069	0.080585
0.08145		0.011095	0.080678
0.0815		0.011119	0.080596
0.08155		0.011077	0.08067
0.0816		0.011065	0.080435
0.08165		0.011129	0.080666
0.0817		0.011114	0.080379
0.08175		0.011124	0.08069
0.0818		0.01111	0.080191
0.08185		0.010367	0.080986
0.0819		0.01003	0.079832
0.08195		0.010087	0.092928
0.082		0.010002	0.10471
0.08205		0.010038	0.10485
0.0821		0.01005	0.105966
0.08215		0.010019	0.105284
0.0822		0.01001	0.105907
0.08225		0.010034	0.105306
0.0823		0.009912	0.105901
0.08235		0.00999	0.105257
0.0824		0.009935	0.105868
0.08245		0.010025	0.105103
0.0825		0.008971	0.106127
0.08255		0.008066	0.104406
0.0826		0.008016	0.112284
0.08265		0.007922	0.134028
0.0827		0.007981	0.13795
0.08275		0.007932	0.139139
0.0828		0.007972	0.138822
0.08285		0.007951	0.139153
0.0829		0.007944	0.138824
0.08295		0.007839	0.139159
0.083		0.007928	0.138804
0.08305		0.007909	0.139168
0.0831		0.007984	0.138728
0.08315		0.007688	0.139196
0.0832		0.007096	0.13817
0.08325		0.006924	0.142702
0.0833		0.006883	0.164353
0.08335		0.0069	0.170442
0.0834		0.006878	0.171213
0.08345		0.006887	0.17133
0.0835		0.006937	0.171352
0.08355		0.006915	0.171284
0.0836		0.006856	0.171437
0.08365		0.006849	0.171261
0.0837		0.006886	0.171424
0.08375		0.006918	0.171192
0.0838		0.006908	0.171436
0.08385		0.006192	0.171088
0.0839		0.005851	0.171267
0.08395		0.005933	0.161271
0.084		0.005822	0.154918
0.08405		0.005796	0.15474
0.0841		0.005863	0.154215
0.08415		0.005835	0.154419
0.0842		0.005821	0.154146
0.08425		0.005859	0.154264
0.0843		0.005828	0.154172
0.08435		0.005815	0.154243
0.0844		0.005763	0.15415
0.08445		0.0058	0.154093
0.0845		0.004584	0.154209
0.08455		0.003803	0.15385
0.0846		0.003726	0.156342
0.08465		0.003599	0.159951
0.0847		0.00369	0.160084
0.08475		0.003634	0.160503
0.0848		0.003667	0.160252
0.08485		0.003604	0.160424
0.0849		0.003645	0.160185
0.08495		0.003684	0.160378
0.085		0.003718	0.16011
0.08505		0.003605	0.160362
0.0851		0.003667	0.16003
0.08515		0.003183	0.160344
0.0852		0.002668	0.159712
0.08525		0.002643	0.162299
0.0853		0.002566	0.17128
0.08535		0.002561	0.17331
0.0854		0.002546	0.173632
0.08545		0.002609	0.173565
0.0855		0.002572	0.173635
0.08555		0.002643	0.173599
0.0856		0.002544	0.173577
0.08565		0.002577	0.173542
0.0857		0.002536	0.173554
0.08575		0.002644	0.173524
0.0858		0.002409	0.173429
0.08585		0.000982	0.173629
0.0859		0.00064	0.172206
0.08595		0.000606	0.160491
0.086		0.000618	0.15602
0.08605		0.000546	0.155783
0.0861		0.000506	0.155525
0.08615		0.000525	0.155571
0.0862		0.000551	0.155401
0.08625		0.000533	0.15547
0.0863		0.00048	0.155288
0.08635		0.000494	0.15542
0.0864		0.000467	0.15517
0.08645		0.000646	0.155407
0.0865		0.002065	0.155103
0.08655		0.002538	0.155536
0.0866		0.002587	0.151031
0.08665		0.002564	0.147124
0.0867		0.002612	0.146875
0.08675		0.002581	0.146583
0.0868		0.002564	0.146709
0.08685		0.002623	0.146569
0.0869		0.002596	0.146555
0.08695		0.002602	0.146553
0.087		0.002647	0.146535
0.08705		0.002549	0.14656
0.0871		0.002642	0.146421
0.08715		0.001115	0.146547
0.0872		-0.000262	0.146156
0.08725		-0.00026	0.147734
0.0873		-0.000396	0.152615
0.08735		-0.000326	0.153531
0.0874		-0.000419	0.153814
0.08745		-0.000289	0.153801
0.0875		-0.000358	0.153729
0.08755		-0.000324	0.15374
0.0876		-0.000425	0.153624
0.08765		-0.000299	0.15368
0.0877		-0.000463	0.153655
0.08775		-0.00027	0.153683
0.0878		-0.001324	0.153463
0.08785		-0.003999	0.154009
0.0879		-0.004473	0.150498
0.08795		-0.004606	0.125295
0.088		-0.00463	0.116766
0.08805		-0.004705	0.115961
0.0881		-0.004701	0.115678
0.08815		-0.004668	0.115525
0.0882		-0.004575	0.11567
0.08825		-0.004575	0.115403
0.0883		-0.004623	0.11575
0.08835		-0.004627	0.115226
0.0884		-0.004612	0.115879
0.08845		-0.004691	0.115008
0.0885		-0.005289	0.116132
0.08855		-0.005617	0.114314
0.0886		-0.005669	0.131011
0.08865		-0.005669	0.147489
0.0887		-0.005591	0.147928
0.08875		-0.005634	0.149395
0.0888		-0.005696	0.148625
0.08885		-0.005669	0.149212
0.0889		-0.005608	0.148748
0.08895		-0.005671	0.149035
0.089		-0.005641	0.148809
0.08905		-0.005622	0.148928
0.0891		-0.005639	0.148909
0.08915		-0.005648	0.148816
0.0892		-0.005536	0.149083
0.08925		-0.005593	0.146421
0.0893		-0.005651	0.141911
0.08935		-0.005628	0.141667
0.0894		-0.005623	0.141129
0.08945		-0.0056	0.141397
0.0895		-0.005608	0.141062
0.08955		-0.005658	0.141328
0.0896		-0.005588	0.14109
0.08965		-0.005602	0.14128
0.0897		-0.005655	0.141006
0.08975		-0.005685	0.14125
0.0898		-0.005281	0.140844
0.08985		-0.004687	0.141545
0.0899		-0.004575	0.138316
0.08995		-0.004645	0.124454
0.09		-0.004627	0.120647
0.09005		-0.004587	0.120174
0.0901		-0.004605	0.12007
0.09015		-0.004614	0.120089
0.0902		-0.004553	0.119976
0.09025		-0.004609	0.120064
0.0903		-0.004575	0.119838
0.09035		-0.004627	0.119953
0.0904		-0.004536	0.119828
0.09045		-0.004991	0.120041
0.0905		-0.007067	0.119904
0.09055		-0.007551	0.11767
0.0906		-0.007691	0.079422
0.09065		-0.007672	0.061603
0.0907		-0.007711	0.060882
0.09075		-0.007703	0.059632
0.0908		-0.007669	0.060094
0.09085		-0.007772	0.059658
0.0909		-0.007732	0.059981
0.09095		-0.007665	0.059736
0.091		-0.007688	0.059874
0.09105		-0.007637	0.059762
0.0911		-0.007774	0.059696
0.09115		-0.008515	0.059774
0.0912		-0.008774	0.059537
0.09125		-0.008766	0.061947
0.0913		-0.008746	0.064581
0.09135		-0.00879	0.06479
0.0914		-0.008767	0.064903
0.09145		-0.008749	0.064949
0.0915		-0.008805	0.064768
0.09155		-0.008778	0.064967
0.0916		-0.008805	0.064607
0.09165		-0.008788	0.065036
0.0917		-0.008757	0.064472
0.09175		-0.008797	0.0653
0.0918		-0.008757	0.06411
0.09185		-0.008709	0.066333
0.0919		-0.008711	0.054393
0.09195		-0.00873	0.032776
0.092		-0.008753	0.030541
0.09205		-0.008778	0.028982
0.0921		-0.008768	0.029598
0.09215		-0.008794	0.028996
0.0922		-0.008761	0.029461
0.09225		-0.008803	0.029055
0.0923		-0.008764	0.029384
0.09235		-0.008812	0.029117
0.0924		-0.008674	0.029365
0.09245		-0.009326	0.029137
0.0925		-0.010662	0.029346
0.09255		-0.010799	0.029366
0.0926		-0.010797	0.036669
0.09265		-0.010804	0.040339
0.0927		-0.010837	0.040508
0.09275		-0.01086	0.040716
0.0928		-0.010892	0.040743
0.09285		-0.010808	0.040654
0.0929		-0.010826	0.040724
0.09295		-0.010837	0.040669
0.093		-0.010862	0.040697
0.09305		-0.010826	0.040576
0.0931		-0.010848	0.040834
0.09315		-0.010805	0.040529
0.0932		-0.010832	0.040683
0.09325		-0.010801	0.027518
0.0933		-0.010808	0.019194
0.09335		-0.010859	0.019198
0.0934		-0.010849	0.018304
0.09345		-0.010853	0.018776
0.0935		-0.010819	0.018336
0.09355		-0.010815	0.018742
0.0936		-0.01084	0.018321
0.09365		-0.010844	0.018728
0.0937		-0.010855	0.018324
0.09375		-0.010853	0.018849
0.0938		-0.011362	0.018114
0.09385		-0.011743	0.019296
0.0939		-0.011831	0.01399
0.09395		-0.011788	0.001237
0.094		-0.01176	-0.000846
0.09405		-0.011839	-0.001629
0.0941		-0.011804	-0.001508
0.09415		-0.01183	-0.001593
0.0942		-0.011809	-0.001446
0.09425		-0.011805	-0.00156
0.0943		-0.011831	-0.001559
0.09435		-0.011864	-0.001589
0.0944		-0.011851	-0.001644
0.09445		-0.011842	-0.001538
0.0945		-0.011784	-0.001778
0.09455		-0.011724	-3.15E-05
0.0946		-0.011719	0.005692
0.09465		-0.011749	0.006531
0.0947		-0.011761	0.007046
0.09475		-0.011797	0.006702
0.0948		-0.011801	0.007044
0.09485		-0.011736	0.006601
0.0949		-0.011853	0.007101
0.09495		-0.011816	0.006586
0.095		-0.011787	0.007234
0.09505		-0.011772	0.006434
0.0951		-0.011821	0.007488
0.09515		-0.011836	0.006031
0.0952		-0.011749	0.007817
0.09525		-0.011784	-0.023903
0.0953		-0.011768	-0.047816
0.09535		-0.011739	-0.048154
0.0954		-0.011762	-0.05046
0.09545		-0.011743	-0.04929
0.0955		-0.011735	-0.050275
0.09555		-0.011765	-0.04938
0.0956		-0.011787	-0.050238
0.09565		-0.011782	-0.049476
0.0957		-0.011714	-0.050233
0.09575		-0.011928	-0.049428
0.0958		-0.013417	-0.050348
0.09585		-0.0139	-0.049551
0.0959		-0.013905	-0.066231
0.09595		-0.01396	-0.077157
0.096		-0.01402	-0.07746
0.09605		-0.013953	-0.078408
0.0961		-0.013965	-0.077918
0.09615		-0.013949	-0.078332
0.0962		-0.014011	-0.077963
0.09625		-0.013926	-0.078351
0.0963		-0.01399	-0.077966
0.09635		-0.013857	-0.078298
0.0964		-0.013993	-0.077891
0.09645		-0.0124	-0.078425
0.0965		-0.010832	-0.077558
0.09655		-0.010738	-0.081437
0.0966		-0.01069	-0.087537
0.09665		-0.010704	-0.088129
0.0967		-0.010683	-0.088519
0.09675		-0.010768	-0.088347
0.0968		-0.010696	-0.088444
0.09685		-0.010767	-0.088321
0.0969		-0.010693	-0.088432
0.09695		-0.010671	-0.088338
0.097		-0.010708	-0.088451
0.09705		-0.010733	-0.088326
0.0971		-0.010903	-0.088444
0.09715		-0.011547	-0.08809
0.0972		-0.011618	-0.08974
0.09725		-0.01169	-0.098696
0.0973		-0.011695	-0.101561
0.09735		-0.011665	-0.101808
0.0974		-0.011721	-0.10191
0.09745		-0.011683	-0.101867
0.0975		-0.011746	-0.10192
0.09755		-0.011657	-0.1019
0.0976		-0.011727	-0.101886
0.09765		-0.011724	-0.101897
0.0977		-0.011783	-0.101765
0.09775		-0.011288	-0.101876
0.0978		-0.008408	-0.101673
0.09785		-0.007526	-0.102511
0.0979		-0.007437	-0.111826
0.09795		-0.007414	-0.116169
0.098		-0.007428	-0.116068
0.09805		-0.007493	-0.116587
0.0981		-0.007423	-0.116188
0.09815		-0.007458	-0.116627
0.0982		-0.00745	-0.116199
0.09825		-0.007428	-0.116735
0.0983		-0.007408	-0.115883
0.09835		-0.007425	-0.116836
0.0984		-0.007477	-0.11561
0.09845		-0.008158	-0.117344
0.0985		-0.008553	-0.114416
0.09855		-0.008557	-0.13216
0.0986		-0.008502	-0.156385
0.09865		-0.008519	-0.157993
0.0987		-0.00855	-0.15979
0.09875		-0.008575	-0.159003
0.0988		-0.00853	-0.159738
0.09885		-0.008576	-0.159197
0.0989		-0.008512	-0.159579
0.09895		-0.008582	-0.159251
0.099		-0.008426	-0.159436
0.09905		-0.008642	-0.159313
0.0991		-0.007333	-0.159358
0.09915		-0.005549	-0.159421
0.0992		-0.005407	-0.158049
0.09925		-0.005318	-0.152321
0.0993		-0.005378	-0.151025
0.09935		-0.005329	-0.150691
0.0994		-0.005358	-0.150756
0.09945		-0.005327	-0.150554
0.0995		-0.005355	-0.15069
0.09955		-0.005337	-0.150563
0.0996		-0.00533	-0.150664
0.09965		-0.00536	-0.15052
0.0997		-0.005331	-0.150558
0.09975		-0.005506	-0.150513
0.0998		-0.006221	-0.150535
0.09985		-0.00635	-0.150543
0.0999		-0.006399	-0.150508
0.09995		-0.006388	-0.150417
