0.00E+00	-0.013218	0.263465
5.00E-05	-0.013235	0.263331
1.00E-04	-0.013199	0.263385
0.00015		-0.013253	0.262268
0.0002		-0.013166	0.244442
0.00025		-0.013292	0.23544
0.0003		-0.013195	0.235429
0.00035		-0.013394	0.234229
0.0004		-0.01302	0.235072
0.00045		-0.014452	0.234103
0.0005		-0.016924	0.235079
0.00055		-0.017132	0.233892
0.0006		-0.017264	0.235198
0.00065		-0.017171	0.23356
0.0007		-0.017272	0.235615
0.00075		-0.017202	0.232592
0.0008		-0.017291	0.237379
0.00085		-0.017205	0.199374
0.0009		-0.017221	0.158702
0.00095		-0.017221	0.157044
0.001		-0.017254	0.153437
0.00105		-0.017343	0.155173
0.0011		-0.016999	0.153563
0.00115		-0.015715	0.154806
0.0012		-0.015373	0.153651
0.00125		-0.015329	0.154566
0.0013		-0.015303	0.153644
0.00135		-0.015335	0.15454
0.0014		-0.015376	0.153599
0.00145		-0.015249	0.154858
0.0015		-0.015264	0.149482
0.00155		-0.015265	0.140818
0.0016		-0.01522	0.139737
0.00165		-0.015299	0.139207
0.0017		-0.01529	0.139386
0.00175		-0.015401	0.139133
0.0018		-0.017306	0.139331
0.00185		-0.018148	0.139015
0.0019		-0.018214	0.139306
0.00195		-0.018245	0.138911
0.002		-0.018195	0.139342
0.00205		-0.018254	0.138638
0.0021		-0.0182	0.139848
0.00215		-0.018269	0.134204
0.0022		-0.018184	0.105693
0.00225		-0.018196	0.097033
0.0023		-0.018304	0.096172
0.00235		-0.01825	0.095876
0.0024		-0.018219	0.09591
0.00245		-0.018259	0.095732
0.0025		-0.018247	0.095881
0.00255		-0.018185	0.095578
0.0026		-0.018196	0.095884
0.00265		-0.018236	0.095463
0.0027		-0.018234	0.095974
0.00275		-0.018217	0.095245
0.0028		-0.018307	0.095802
0.00285		-0.018212	0.07234
0.0029		-0.018232	0.056004
0.00295		-0.018181	0.056089
0.003		-0.018228	0.054143
0.00305		-0.018166	0.055446
0.0031		-0.018513	0.054129
0.00315		-0.019157	0.05533
0.0032		-0.019183	0.05399
0.00325		-0.019195	0.05559
0.0033		-0.019156	0.053653
0.00335		-0.019219	0.056018
0.0034		-0.019242	0.052733
0.00345		-0.019245	0.058325
0.0035		-0.019258	0.026116
0.00355		-0.01922	-0.021784
0.0036		-0.019204	-0.025378
0.00365		-0.019237	-0.029244
0.0037		-0.019183	-0.027458
0.00375		-0.019387	-0.029195
0.0038		-0.021523	-0.027709
0.00385		-0.022383	-0.029108
0.0039		-0.022429	-0.027776
0.00395		-0.022488	-0.029158
0.004		-0.022477	-0.027551
0.00405		-0.022465	-0.029529
0.0041		-0.022434	-0.026406
0.00415		-0.022429	-0.039845
0.0042		-0.022466	-0.073435
0.00425		-0.022465	-0.079196
0.0043		-0.022484	-0.080941
0.00435		-0.022355	-0.080538
0.0044		-0.022398	-0.081106
0.00445		-0.020466	-0.080635
0.0045		-0.019241	-0.081074
0.00455		-0.019248	-0.080733
0.0046		-0.019094	-0.081063
0.00465		-0.019156	-0.080626
0.0047		-0.019169	-0.081097
0.00475		-0.01916	-0.080363
0.0048		-0.019082	-0.082997
0.00485		-0.019112	-0.097245
0.0049		-0.019057	-0.102241
0.00495		-0.019095	-0.102455
0.005		-0.019094	-0.102991
0.00505		-0.019124	-0.102538
0.0051		-0.019116	-0.103022
0.00515		-0.019043	-0.102464
0.0052		-0.01905	-0.10308
0.00525		-0.019061	-0.10232
0.0053		-0.019078	-0.10329
0.00535		-0.019039	-0.101939
0.0054		-0.019073	-0.103828
0.00545		-0.019079	-0.100515
0.0055		-0.019083	-0.120695
0.00555		-0.019062	-0.149517
0.0056		-0.019094	-0.15133
0.00565		-0.018982	-0.153721
0.0057		-0.01915	-0.152545
0.00575		-0.018592	-0.153707
0.0058		-0.01725	-0.152578
0.00585		-0.016998	-0.153602
0.0059		-0.016968	-0.152589
0.00595		-0.01699	-0.153611
0.006		-0.016896	-0.152401
0.00605		-0.016933	-0.154002
0.0061		-0.01694	-0.151288
0.00615		-0.016922	-0.162993
0.0062		-0.016988	-0.192644
0.00625		-0.016957	-0.197587
0.0063		-0.016918	-0.199293
0.00635		-0.01691	-0.198836
0.0064		-0.016901	-0.199338
0.00645		-0.015065	-0.198808
0.0065		-0.014027	-0.199297
0.00655		-0.013994	-0.198792
0.0066		-0.013942	-0.199302
0.00665		-0.013941	-0.19862
0.0067		-0.013956	-0.1996
0.00675		-0.01396	-0.197833
0.0068		-0.014002	-0.205297
0.00685		-0.013994	-0.243614
0.0069		-0.01399	-0.255102
0.00695		-0.013998	-0.25632
0.007		-0.013917	-0.256716
0.00705		-0.013954	-0.256656
0.0071		-0.01397	-0.256726
0.00715		-0.013935	-0.256582
0.0072		-0.013883	-0.256669
0.00725		-0.013959	-0.25651
0.0073		-0.013971	-0.256609
0.00735		-0.013934	-0.256447
0.0074		-0.013927	-0.256538
0.00745		-0.013927	-0.25695
0.0075		-0.013968	-0.271035
0.00755		-0.013919	-0.278841
0.0076		-0.013916	-0.2788
0.00765		-0.013839	-0.279624
0.0077		-0.013981	-0.279004
0.00775		-0.013173	-0.279594
0.0078		-0.012017	-0.278953
0.00785		-0.011894	-0.279613
0.0079		-0.011801	-0.278821
0.00795		-0.011834	-0.279644
0.008		-0.011764	-0.278493
0.00805		-0.011799	-0.280023
0.0081		-0.011798	-0.277631
0.00815		-0.011838	-0.297893
0.0082		-0.011847	-0.317898
0.00825		-0.01182	-0.318585
0.0083		-0.011835	-0.320281
0.00835		-0.011799	-0.319417
0.0084		-0.011777	-0.320023
0.00845		-0.011794	-0.319497
0.0085		-0.011717	-0.319885
0.00855		-0.011783	-0.319405
0.0086		-0.011719	-0.319664
0.00865		-0.011742	-0.319432
0.0087		-0.011743	-0.319632
0.00875		-0.011723	-0.319342
0.0088		-0.011746	-0.319479
0.00885		-0.011832	-0.319339
0.0089		-0.011749	-0.31939
0.00895		-0.011769	-0.31924
0.009		-0.011683	-0.319305
0.00905		-0.011788	-0.319201
0.0091		-0.009333	-0.319083
0.00915		-0.007567	-0.319016
0.0092		-0.007563	-0.319048
0.00925		-0.007454	-0.319044
0.0093		-0.007554	-0.318909
0.00935		-0.007434	-0.31901
0.0094		-0.007556	-0.318515
0.00945		-0.007454	-0.321608
0.0095		-0.007556	-0.348321
0.00955		-0.007447	-0.358377
0.0096		-0.007582	-0.359012
0.00965		-0.007318	-0.35959
0.0097		-0.007759	-0.359317
0.00975		-0.004838	-0.359564
0.0098		-0.001442	-0.359308
0.00985		-0.001328	-0.359349
0.0099		-0.00103	-0.35921
0.00995		-0.001165	-0.359354
0.01		-0.001034	-0.359097
0.01005		-0.001132	-0.359161
0.0101		-0.000977	-0.359001
0.01015		-0.001062	-0.362161
0.0102		-0.001027	-0.363983
0.01025		-0.001083	-0.364079
0.0103		-0.001013	-0.364151
0.01035		-0.00109	-0.36402
0.0104		-0.000884	-0.363981
0.01045		-0.000184	-0.363903
0.0105		-0.000103	-0.363814
0.01055		-1.92E-05	-0.363896
0.0106		5.48E-05	-0.363782
0.01065		-2.74E-05	-0.363802
0.0107		-1.37E-06	-0.363566
0.01075		9.60E-06	-0.363773
0.0108		3.70E-05	-0.362344
0.01085		2.74E-05	-0.358881
0.0109		1.92E-05	-0.358352
0.01095		-1.78E-05	-0.35803
0.011		6.85E-06	-0.358099
0.01105		5.89E-05	-0.357986
0.0111		1.10E-05	-0.358
0.01115		-4.39E-05	-0.357863
0.0112		-6.03E-05	-0.357882
0.01125		-2.33E-05	-0.357731
0.0113		-2.47E-05	-0.357778
0.01135		2.47E-05	-0.357637
0.0114		-7.13E-05	-0.357723
0.01145		3.29E-05	-0.35685
0.0115		-3.43E-05	-0.354145
0.01155		-1.51E-05	-0.35341
0.0116		-8.64E-05	-0.353327
0.01165		0.000104	-0.353251
0.0117		-0.000177	-0.353251
0.01175		0.002361	-0.353051
0.0118		0.004826	-0.35311
0.01185		0.004848	-0.353055
0.0119		0.005018	-0.353111
0.01195		0.004957	-0.352903
0.012		0.005057	-0.352843
0.01205		0.00505	-0.352941
0.0121		0.005109	-0.350892
0.01215		0.004959	-0.324407
0.0122		0.005001	-0.312857
0.01225		0.004972	-0.312232
0.0123		0.005034	-0.311426
0.01235		0.004924	-0.31154
0.0124		0.005293	-0.311341
0.01245		0.006029	-0.31138
0.0125		0.006132	-0.311354
0.01255		0.006135	-0.311182
0.0126		0.006117	-0.311359
0.01265		0.006116	-0.310934
0.0127		0.006079	-0.31147
0.01275		0.006146	-0.310421
0.0128		0.006146	-0.315784
0.01285		0.006187	-0.325197
0.0129		0.006118	-0.326163
0.01295		0.00612	-0.326724
0.013		0.006173	-0.326514
0.01305		0.006205	-0.326686
0.0131		0.006838	-0.326573
0.01315		0.007147	-0.326475
0.0132		0.007112	-0.326543
0.01325		0.007189	-0.326254
0.0133		0.007123	-0.326514
0.01335		0.007188	-0.325895
0.0134		0.007179	-0.32703
0.01345		0.007182	-0.321423
0.0135		0.007138	-0.306302
0.01355		0.007167	-0.303737
0.0136		0.007219	-0.302879
0.01365		0.007225	-0.303081
0.0137		0.007402	-0.302781
0.01375		0.009972	-0.302924
0.0138		0.011166	-0.302662
0.01385		0.011181	-0.302799
0.0139		0.011278	-0.302607
0.01395		0.011202	-0.30274
0.014		0.011283	-0.302467
0.01405		0.011214	-0.302743
0.0141		0.01131	-0.300948
0.01415		0.011218	-0.285325
0.0142		0.011309	-0.278731
0.01425		0.011176	-0.278541
0.0143		0.011361	-0.277803
0.01435		0.011137	-0.278202
0.0144		0.01305	-0.277637
0.01445		0.015291	-0.278153
0.0145		0.015435	-0.277548
0.01455		0.015578	-0.278198
0.0146		0.015478	-0.277354
0.01465		0.015547	-0.278326
0.0147		0.015515	-0.276905
0.01475		0.015554	-0.278885
0.0148		0.015517	-0.253811
0.01485		0.015598	-0.231992
0.0149		0.015509	-0.231611
0.01495		0.015575	-0.229377
0.015		0.015439	-0.230662
0.01505		0.015901	-0.229394
0.0151		0.016482	-0.230522
0.01515		0.016537	-0.229347
0.0152		0.016609	-0.230423
0.01525		0.01653	-0.229095
0.0153		0.016599	-0.230544
0.01535		0.016545	-0.228578
0.0154		0.016514	-0.23169
0.01545		0.01657	-0.216725
0.0155		0.016626	-0.18925
0.01555		0.01657	-0.186009
0.0156		0.016572	-0.184207
0.01565		0.016552	-0.18483
0.0157		0.016535	-0.18418
0.01575		0.016585	-0.184519
0.0158		0.016604	-0.184131
0.01585		0.016555	-0.184405
0.0159		0.016524	-0.184121
0.01595		0.016492	-0.184279
0.016		0.016573	-0.184159
0.01605		0.016535	-0.184324
0.0161		0.016533	-0.183072
0.01615		0.016525	-0.163786
0.0162		0.016506	-0.154285
0.01625		0.016506	-0.154132
0.0163		0.016585	-0.153176
0.01635		0.016393	-0.153713
0.0164		0.017182	-0.153176
0.01645		0.018392	-0.153605
0.0165		0.018425	-0.153027
0.01655		0.01851	-0.15354
0.0166		0.018498	-0.152952
0.01665		0.018503	-0.153729
0.0167		0.018454	-0.152744
0.01675		0.018413	-0.153687
0.0168		0.018355	-0.129919
0.01685		0.018465	-0.112514
0.0169		0.018466	-0.112434
0.01695		0.018451	-0.110536
0.017		0.018492	-0.11176
0.01705		0.018487	-0.110521
0.0171		0.018457	-0.111649
0.01715		0.018443	-0.110485
0.0172		0.018483	-0.11181
0.01725		0.018473	-0.110218
0.0173		0.01843	-0.112117
0.01735		0.018446	-0.109298
0.0174		0.018469	-0.114117
0.01745		0.018469	-0.091609
0.0175		0.018477	-0.037756
0.01755		0.018424	-0.029746
0.0176		0.01844	-0.026365
0.01765		0.018426	-0.027559
0.0177		0.018407	-0.026169
0.01775		0.018409	-0.027382
0.0178		0.018421	-0.026117
0.01785		0.018403	-0.02738
0.0179		0.018432	-0.025981
0.01795		0.018398	-0.027544
0.018		0.018356	-0.025388
0.01805		0.018352	-0.029122
0.0181		0.018317	-0.012449
0.01815		0.018385	0.025466
0.0182		0.018299	0.031303
0.01825		0.018307	0.033393
0.0183		0.018337	0.032839
0.01835		0.018333	0.033505
0.0184		0.018971	0.033077
0.01845		0.019375	0.033394
0.0185		0.019412	0.033186
0.01855		0.019408	0.033313
0.0186		0.019368	0.033176
0.01865		0.019348	0.033277
0.0187		0.0194	0.03321
0.01875		0.019361	0.033887
0.0188		0.019364	0.04874
0.01885		0.019339	0.056878
0.0189		0.01937	0.056828
0.01895		0.0193	0.057706
0.019		0.019368	0.057144
0.01905		0.019049	0.057643
0.0191		0.018385	0.057041
0.01915		0.018326	0.057659
0.0192		0.018337	0.057015
0.01925		0.018339	0.057803
0.0193		0.018326	0.05689
0.01935		0.018303	0.058105
0.0194		0.01826	0.056531
0.01945		0.018328	0.082101
0.0195		0.018295	0.101775
0.01955		0.018295	0.102049
0.0196		0.018315	0.103992
0.01965		0.01835	0.102803
0.0197		0.018067	0.103868
0.01975		0.017485	0.102973
0.0198		0.017415	0.103822
0.01985		0.017354	0.102828
0.0199		0.017352	0.103882
0.01995		0.017398	0.10263
0.02		0.017412	0.104214
0.02005		0.017411	0.101566
0.0201		0.017419	0.115188
0.02015		0.017323	0.138549
0.0202		0.01731	0.140851
0.02025		0.01728	0.142526
0.0203		0.017357	0.141723
0.02035		0.017328	0.142511
0.0204		0.018547	0.141808
0.02045		0.019217	0.142451
0.0205		0.019239	0.141798
0.02055		0.019322	0.142495
0.0206		0.0193	0.141598
0.02065		0.019272	0.142762
0.0207		0.019232	0.140626
0.02075		0.019285	0.149955
0.0208		0.01929	0.193653
0.02085		0.019211	0.206184
0.0209		0.019238	0.207625
0.02095		0.019204	0.208039
0.021		0.019313	0.20802
0.02105		0.017698	0.208046
0.0211		0.016395	0.207972
0.02115		0.016354	0.20806
0.0212		0.016233	0.207816
0.02125		0.016282	0.208104
0.0213		0.016263	0.207672
0.02135		0.016311	0.208097
0.0214		0.0162	0.207644
0.02145		0.016247	0.219083
0.0215		0.016162	0.227102
0.02155		0.016233	0.227093
0.0216		0.016155	0.22789
0.02165		0.016271	0.227402
0.0217		0.01582	0.227778
0.02175		0.015251	0.227374
0.0218		0.015142	0.227701
0.02185		0.015085	0.227269
0.0219		0.015131	0.227719
0.02195		0.01515	0.22715
0.022		0.015191	0.227875
0.02205		0.015164	0.226445
0.0221		0.015153	0.232972
0.02215		0.015084	0.248502
0.0222		0.015161	0.250621
0.02225		0.015121	0.251666
0.0223		0.015114	0.251134
0.02235		0.01502	0.251708
0.0224		0.014337	0.251036
0.02245		0.014149	0.251709
0.0225		0.014108	0.250886
0.02255		0.014133	0.251753
0.0226		0.014118	0.250539
0.02265		0.014087	0.252173
0.0227		0.014087	0.249265
0.02275		0.014074	0.262202
0.0228		0.014093	0.292959
0.02285		0.014104	0.297769
0.0229		0.014129	0.299561
0.02295		0.014013	0.298996
0.023		0.013976	0.299453
0.02305		0.012001	0.299032
0.0231		0.010859	0.299303
0.02315		0.010858	0.29907
0.0232		0.010689	0.299148
0.02325		0.010847	0.298961
0.0233		0.010753	0.299129
0.02335		0.010818	0.298725
0.0234		0.010807	0.301033
0.02345		0.010859	0.32685
0.0235		0.010715	0.337687
0.02355		0.01081	0.338151
0.0236		0.010718	0.338901
0.02365		0.010889	0.338578
0.0237		0.009631	0.338778
0.02375		0.008002	0.338562
0.0238		0.007831	0.338582
0.02385		0.007644	0.338582
0.0239		0.007699	0.338354
0.02395		0.007651	0.33851
0.024		0.007759	0.338227
0.02405		0.007676	0.338691
0.0241		0.007667	0.333856
0.02415		0.007681	0.329337
0.0242		0.007698	0.329078
0.02425		0.00767	0.328712
0.0243		0.007721	0.328668
0.02435		0.00778	0.328705
0.0244		0.008449	0.328488
0.02445		0.008689	0.328643
0.0245		0.008667	0.328284
0.02455		0.008681	0.328694
0.0246		0.008652	0.327935
0.02465		0.008656	0.328923
0.0247		0.008693	0.326938
0.02475		0.008686	0.335834
0.0248		0.008675	0.366166
0.02485		0.008744	0.372828
0.0249		0.008733	0.374184
0.02495		0.008693	0.374081
0.025		0.008342	0.374286
0.02505		0.004274	0.374162
0.0251		0.002535	0.374101
0.02515		0.002439	0.374199
0.0252		0.002348	0.373979
0.02525		0.002465	0.374111
0.0253		0.002373	0.373668
0.02535		0.002366	0.374452
0.0254		0.002405	0.370227
0.02545		0.002402	0.354074
0.0255		0.002322	0.350099
0.02555		0.00238	0.349382
0.0256		0.002288	0.349347
0.02565		0.002435	0.34933
0.0257		0.000777	0.349274
0.02575		-0.000398	0.349222
0.0258		-0.000441	0.349097
0.02585		-0.000574	0.34918
0.0259		-0.00058	0.348841
0.02595		-0.000594	0.349018
0.026		-0.000524	0.348705
0.02605		-0.0006	0.349126
0.0261		-0.000591	0.341024
0.02615		-0.000633	0.334627
0.0262		-0.000576	0.334409
0.02625		-0.000629	0.333816
0.0263		-0.000477	0.334112
0.02635		-0.000939	0.333681
0.0264		-0.002309	0.333997
0.02645		-0.002591	0.333639
0.0265		-0.002638	0.333827
0.02655		-0.002629	0.333539
0.0266		-0.002679	0.333697
0.02665		-0.002655	0.333361
0.0267		-0.002631	0.333755
0.02675		-0.002665	0.331137
0.0268		-0.002673	0.327541
0.02685		-0.002617	0.327211
0.0269		-0.002717	0.326956
0.02695		-0.002598	0.32696
0.027		-0.003058	0.326819
0.02705		-0.004471	0.326902
0.0271		-0.004772	0.326749
0.02715		-0.004879	0.326728
0.0272		-0.004841	0.326746
0.02725		-0.004846	0.326643
0.0273		-0.004819	0.326588
0.02735		-0.004832	0.326396
0.0274		-0.004856	0.327231
0.02745		-0.004857	0.329306
0.0275		-0.004821	0.329491
0.02755		-0.004874	0.329563
0.0276		-0.004812	0.329482
0.02765		-0.005149	0.329434
0.0277		-0.007773	0.329403
0.02775		-0.008896	0.3294
0.0278		-0.008996	0.329337
0.02785		-0.009069	0.329311
0.0279		-0.008981	0.329201
0.02795		-0.009049	0.329127
0.028		-0.009047	0.329218
0.02805		-0.009112	0.327907
0.0281		-0.009001	0.312352
0.02815		-0.009103	0.305426
0.0282		-0.008973	0.305088
0.02825		-0.009103	0.304515
0.0283		-0.008882	0.304735
0.02835		-0.010434	0.304474
0.0284		-0.012109	0.304563
0.02845		-0.012123	0.304374
0.0285		-0.012323	0.304396
0.02855		-0.012226	0.304233
0.0286		-0.012341	0.304452
0.02865		-0.012282	0.304126
0.0287		-0.012394	0.304633
0.02875		-0.012239	0.301018
0.0288		-0.01232	0.295362
0.02885		-0.012233	0.295011
0.0289		-0.012337	0.29421
0.02895		-0.012065	0.294671
0.029		-0.012992	0.294127
0.02905		-0.015042	0.294646
0.0291		-0.015286	0.293929
0.02915		-0.015371	0.294675
0.0292		-0.015338	0.293656
0.02925		-0.015347	0.294889
0.0293		-0.015317	0.292981
0.02935		-0.015382	0.296061
0.0294		-0.015306	0.279599
0.02945		-0.015395	0.251936
0.0295		-0.015301	0.249203
0.02955		-0.015365	0.247165
0.0296		-0.015328	0.247956
0.02965		-0.015238	0.247188
0.0297		-0.014571	0.24769
0.02975		-0.014326	0.247139
0.0298		-0.014314	0.247506
0.02985		-0.014293	0.247147
0.0299		-0.014307	0.247446
0.02995		-0.014329	0.247084
0.03		-0.014338	0.247357
0.03005		-0.014331	0.246233
0.0301		-0.014297	0.234405
0.03015		-0.014318	0.22854
0.0302		-0.014281	0.228567
0.03025		-0.014348	0.22775
0.0303		-0.014208	0.228297
0.03035		-0.014655	0.227761
0.0304		-0.015176	0.228309
0.03045		-0.015214	0.227562
0.0305		-0.015345	0.228296
0.03055		-0.015297	0.227302
0.0306		-0.015394	0.228426
0.03065		-0.015287	0.226833
0.0307		-0.015298	0.228219
0.03075		-0.01531	0.185304
0.0308		-0.015412	0.156558
0.03085		-0.015314	0.156052
0.0309		-0.015406	0.15334
0.03095		-0.01514	0.154645
0.031		-0.016038	0.153424
0.03105		-0.018703	0.154416
0.0311		-0.019157	0.153457
0.03115		-0.019289	0.154226
0.0312		-0.019301	0.153415
0.03125		-0.019323	0.154241
0.0313		-0.019322	0.153196
0.03135		-0.01932	0.154666
0.0314		-0.019365	0.144831
0.03145		-0.01929	0.133992
0.0315		-0.019308	0.13351
0.03155		-0.01933	0.132478
0.0316		-0.019291	0.133031
0.03165		-0.019267	0.132379
0.0317		-0.019256	0.132993
0.03175		-0.019256	0.132338
0.0318		-0.019246	0.133007
0.03185		-0.019261	0.13209
0.0319		-0.019279	0.133133
0.03195		-0.0193	0.131654
0.032		-0.019274	0.134161
0.03205		-0.019267	0.122984
0.0321		-0.019286	0.093859
0.03215		-0.019286	0.088731
0.0322		-0.01925	0.087168
0.03225		-0.019241	0.087371
0.0323		-0.019252	0.087046
0.03235		-0.020012	0.087197
0.0324		-0.020388	0.087144
0.03245		-0.020479	0.087121
0.0325		-0.02048	0.087142
0.03255		-0.020399	0.086976
0.0326		-0.020359	0.087273
0.03265		-0.020376	0.086756
0.0327		-0.020384	0.086929
0.03275		-0.020333	0.061724
0.0328		-0.020347	0.045191
0.03285		-0.020468	0.045276
0.0329		-0.020392	0.043443
0.03295		-0.020446	0.044672
0.033		-0.019906	0.043456
0.03305		-0.019317	0.044674
0.0331		-0.019242	0.043318
0.03315		-0.019245	0.04482
0.0332		-0.019212	0.04306
0.03325		-0.019238	0.045159
0.0333		-0.019232	0.042213
0.03335		-0.019243	0.046501
0.0334		-0.019211	0.001918
0.03345		-0.019242	-0.038583
0.0335		-0.019204	-0.039522
0.03355		-0.019242	-0.043332
0.0336		-0.019145	-0.041326
0.03365		-0.019855	-0.043138
0.0337		-0.021104	-0.041511
0.03375		-0.021274	-0.04304
0.0338		-0.021364	-0.041506
0.03385		-0.021379	-0.043118
0.0339		-0.021389	-0.041368
0.03395		-0.021433	-0.043577
0.034		-0.021345	-0.040177
0.03405		-0.021411	-0.054657
0.0341		-0.021367	-0.08636
0.03415		-0.021388	-0.090945
0.0342		-0.021327	-0.09281
0.03425		-0.021346	-0.092287
0.0343		-0.021293	-0.092876
0.03435		-0.020535	-0.092337
0.0344		-0.020357	-0.092876
0.03445		-0.020343	-0.09241
0.0345		-0.020295	-0.092835
0.03455		-0.020295	-0.0923
0.0346		-0.020288	-0.092991
0.03465		-0.020314	-0.091948
0.0347		-0.020361	-0.095677
0.03475		-0.020288	-0.105685
0.0348		-0.020263	-0.107826
0.03485		-0.020258	-0.108155
0.0349		-0.020243	-0.108239
0.03495		-0.020254	-0.108151
0.035		-0.019607	-0.108317
0.03505		-0.01912	-0.108037
0.0351		-0.019087	-0.108337
0.03515		-0.019087	-0.107912
0.0352		-0.019124	-0.10847
0.03525		-0.019089	-0.107683
0.0353		-0.019089	-0.108744
0.03535		-0.01903	-0.107936
0.0354		-0.019142	-0.141827
0.03545		-0.019042	-0.164099
0.0355		-0.019099	-0.16432
0.03555		-0.01905	-0.166505
0.0356		-0.019158	-0.165234
0.03565		-0.018411	-0.166432
0.0357		-0.017184	-0.165411
0.03575		-0.01704	-0.166294
0.0358		-0.016858	-0.165397
0.03585		-0.016939	-0.166301
0.0359		-0.016917	-0.165119
0.03595		-0.016968	-0.166569
0.036		-0.016942	-0.164076
0.03605		-0.016961	-0.175527
0.0361		-0.016961	-0.201604
0.03615		-0.016877	-0.205089
0.0362		-0.016891	-0.206907
0.03625		-0.016925	-0.206135
0.0363		-0.016896	-0.206997
0.03635		-0.016892	-0.206088
0.0364		-0.016921	-0.207047
0.03645		-0.016913	-0.205981
0.0365		-0.016933	-0.207118
0.03655		-0.016914	-0.205598
0.0366		-0.016876	-0.207568
0.03665		-0.016936	-0.204121
0.0367		-0.01689	-0.222124
0.03675		-0.016947	-0.252163
0.0368		-0.016917	-0.255124
0.03685		-0.016885	-0.257183
0.0369		-0.016862	-0.256401
0.03695		-0.016827	-0.257066
0.037		-0.015601	-0.256501
0.03705		-0.015022	-0.256948
0.0371		-0.015003	-0.256543
0.03715		-0.014895	-0.256771
0.0372		-0.01501	-0.256576
0.03725		-0.014944	-0.256663
0.0373		-0.014962	-0.256414
0.03735		-0.014914	-0.257433
0.0374		-0.015021	-0.27574
0.03745		-0.014913	-0.285121
0.0375		-0.015024	-0.285202
0.03755		-0.014832	-0.286058
0.0376		-0.015107	-0.285463
0.03765		-0.013133	-0.285986
0.0377		-0.010888	-0.285405
0.03775		-0.010829	-0.285809
0.0378		-0.010549	-0.285234
0.03785		-0.010641	-0.285867
0.0379		-0.010563	-0.285098
0.03795		-0.010638	-0.285897
0.038		-0.01059	-0.285275
0.03805		-0.01064	-0.308831
0.0381		-0.010653	-0.323997
0.03815		-0.0107	-0.324307
0.0382		-0.010619	-0.325625
0.03825		-0.010657	-0.324987
0.0383		-0.010342	-0.325433
0.03835		-0.009681	-0.324888
0.0384		-0.009573	-0.325264
0.03845		-0.009551	-0.324875
0.0385		-0.009547	-0.325197
0.03855		-0.009636	-0.324806
0.0386		-0.009514	-0.325124
0.03865		-0.009579	-0.324536
0.0387		-0.009579	-0.326974
0.03875		-0.009631	-0.330452
0.0388		-0.009587	-0.330709
0.03885		-0.0096	-0.331008
0.0389		-0.009522	-0.330826
0.03895		-0.00945	-0.330919
0.039		-0.006882	-0.330653
0.03905		-0.00548	-0.330756
0.0391		-0.005427	-0.330534
0.03915		-0.005268	-0.330764
0.0392		-0.005353	-0.330345
0.03925		-0.005268	-0.330908
0.0393		-0.005355	-0.329816
0.03935		-0.005237	-0.334261
0.0394		-0.005437	-0.350099
0.03945		-0.00532	-0.35361
0.0395		-0.00543	-0.35433
0.03955		-0.005238	-0.354233
0.0396		-0.005318	-0.354296
0.03965		-0.00285	-0.354161
0.0397		-0.001183	-0.354227
0.03975		-0.001149	-0.354059
0.0398		-0.001034	-0.354196
0.03985		-0.001093	-0.353979
0.0399		-0.00102	-0.3541
0.03995		-0.001091	-0.35368
0.04		-0.001082	-0.355938
0.04005		-0.001136	-0.376524
0.0401		-0.00099	-0.384511
0.04015		-0.001039	-0.385021
0.0402		-0.00102	-0.385473
0.04025		-0.001091	-0.385251
0.0403		-0.001012	-0.385321
0.04035		-0.000988	-0.385233
0.0404		-0.001051	-0.385136
0.04045		-0.001065	-0.385158
0.0405		-0.001016	-0.385032
0.04055		-0.001054	-0.385106
0.0406		-0.001023	-0.384711
0.04065		-0.001078	-0.385127
0.0407		-0.001072	-0.379961
0.04075		-0.001071	-0.374606
0.0408		-0.001064	-0.374465
0.04085		-0.001084	-0.373849
0.0409		-0.001116	-0.37414
0.04095		-0.001106	-0.373685
0.041		-0.001076	-0.374063
0.04105		-0.001024	-0.373652
0.0411		-0.001069	-0.373904
0.04115		-0.001087	-0.373442
0.0412		-0.001047	-0.373916
0.04125		-0.001069	-0.373068
0.0413		-0.001105	-0.374218
0.04135		-0.001113	-0.368235
0.0414		-0.000987	-0.358053
0.04145		-0.001051	-0.357077
0.0415		-0.001062	-0.356277
0.04155		-0.001065	-0.356514
0.0416		-0.000543	-0.356129
0.04165		0.002784	-0.356362
0.0417		0.003889	-0.356104
0.04175		0.003998	-0.35624
0.0418		0.004043	-0.355993
0.04185		0.003922	-0.356112
0.0419		0.003998	-0.355817
0.04195		0.003954	-0.356317
0.042		0.004048	-0.353154
0.04205		0.003988	-0.330389
0.0421		0.004029	-0.32214
0.04215		0.003911	-0.321511
0.0422		0.004168	-0.320976
0.04225		0.003828	-0.32109
0.0423		0.005506	-0.320863
0.04235		0.00798	-0.320921
0.0424		0.008136	-0.320802
0.04245		0.008327	-0.320772
0.0425		0.008214	-0.320667
0.04255		0.008257	-0.320621
0.0426		0.008173	-0.32071
0.04265		0.008258	-0.320507
0.0427		0.008227	-0.321476
0.04275		0.008295	-0.322447
0.0428		0.00822	-0.322443
0.04285		0.008275	-0.322415
0.0429		0.008102	-0.322345
0.04295		0.008753	-0.322273
0.043		0.010027	-0.322267
0.04305		0.010163	-0.322214
0.0431		0.01025	-0.322267
0.04315		0.010217	-0.321975
0.0432		0.010249	-0.322191
0.04325		0.010261	-0.321803
0.0433		0.010265	-0.322502
0.04335		0.010272	-0.3184
0.0434		0.010248	-0.310525
0.04345		0.010241	-0.309685
0.0435		0.010249	-0.309045
0.04355		0.010283	-0.309333
0.0436		0.010296	-0.308987
0.04365		0.010294	-0.309182
0.0437		0.010279	-0.308826
0.04375		0.010282	-0.30909
0.0438		0.010276	-0.308676
0.04385		0.010257	-0.309031
0.0439		0.010272	-0.308438
0.04395		0.010276	-0.30939
0.044		0.010315	-0.305294
0.04405		0.010241	-0.287227
0.0441		0.010282	-0.282005
0.04415		0.010173	-0.281477
0.0442		0.01025	-0.281159
0.04425		0.010176	-0.281322
0.0443		0.012749	-0.280958
0.04435		0.014371	-0.281213
0.0444		0.014445	-0.280748
0.04445		0.01448	-0.28122
0.0445		0.014433	-0.280503
0.04455		0.014545	-0.281376
0.0446		0.014484	-0.279982
0.04465		0.014563	-0.282109
0.0447		0.014549	-0.258911
0.04475		0.014551	-0.2372
0.0448		0.01447	-0.236864
0.04485		0.014544	-0.234551
0.0449		0.014447	-0.235862
0.04495		0.014872	-0.234527
0.045		0.015442	-0.235705
0.04505		0.015471	-0.234485
0.0451		0.01551	-0.235725
0.04515		0.01555	-0.234224
0.0452		0.015517	-0.235902
0.04525		0.015467	-0.233485
0.0453		0.015531	-0.237304
0.04535		0.015508	-0.214296
0.0454		0.015458	-0.18326
0.04545		0.015438	-0.181089
0.0455		0.015454	-0.178594
0.04555		0.015449	-0.179655
0.0456		0.015567	-0.178584
0.04565		0.016307	-0.179474
0.0457		0.016569	-0.178581
0.04575		0.01653	-0.179328
0.0458		0.016537	-0.178506
0.04585		0.01654	-0.179313
0.0459		0.01657	-0.17834
0.04595		0.016582	-0.179856
0.046		0.016526	-0.173496
0.04605		0.016518	-0.152816
0.0461		0.016554	-0.148169
0.04615		0.016525	-0.14725
0.0462		0.016529	-0.147266
0.04625		0.016541	-0.146954
0.0463		0.01655	-0.147137
0.04635		0.01657	-0.147049
0.0464		0.016541	-0.147208
0.04645		0.016518	-0.146861
0.0465		0.016535	-0.147146
0.04655		0.016518	-0.146629
0.0466		0.016533	-0.147574
0.04665		0.016506	-0.143258
0.0467		0.016482	-0.113699
0.04675		0.01651	-0.102721
0.0468		0.016452	-0.102272
0.04685		0.016506	-0.10127
0.0469		0.016487	-0.101817
0.04695		0.017034	-0.101133
0.047		0.017461	-0.101862
0.04705		0.017498	-0.100973
0.0471		0.017612	-0.101995
0.04715		0.017552	-0.100682
0.0472		0.017556	-0.102383
0.04725		0.017498	-0.099969
0.0473		0.017502	-0.103826
0.04735		0.017534	-0.069938
0.0474		0.017513	-0.034414
0.04745		0.017512	-0.03338
0.0475		0.017527	-0.030039
0.04755		0.017554	-0.032038
0.0476		0.017491	-0.030127
0.04765		0.017472	-0.03178
0.0477		0.017524	-0.030067
0.04775		0.017483	-0.031802
0.0478		0.017485	-0.029875
0.04785		0.017541	-0.03216
0.0479		0.017506	-0.029161
0.04795		0.017508	-0.034053
0.048		0.017479	-0.007663
0.04805		0.017452	0.032689
0.0481		0.017491	0.036197
0.04815		0.017516	0.039207
0.0482		0.017476	0.037914
0.04825		0.017496	0.039122
0.0483		0.01814	0.038165
0.04835		0.018435	0.039039
0.0484		0.018402	0.03818
0.04845		0.018359	0.038947
0.0485		0.018328	0.038156
0.04855		0.018315	0.038972
0.0486		0.018377	0.037779
0.04865		0.018388	0.04222
0.0487		0.018418	0.058631
0.04875		0.018413	0.063211
0.0488		0.018406	0.063509
0.04885		0.018356	0.063839
0.0489		0.018359	0.063635
0.04895		0.017841	0.063895
0.049		0.017487	0.06355
0.04905		0.017419	0.063906
0.0491		0.017393	0.063402
0.04915		0.017438	0.064161
0.0492		0.017383	0.063236
0.04925		0.017391	0.064564
0.0493		0.017427	0.062275
0.04935		0.017386	0.079046
0.0494		0.017387	0.099319
0.04945		0.017353	0.09996
0.0495		0.017365	0.10196
0.04955		0.017267	0.100821
0.0496		0.017705	0.101908
0.04965		0.018182	0.100845
0.0497		0.018282	0.101947
0.04975		0.01831	0.100686
0.0498		0.018296	0.102069
0.04985		0.018326	0.100413
0.0499		0.018265	0.102552
0.04995		0.018319	0.099044
0.05		0.018276	0.123874
0.05005		0.018255	0.152593
0.0501		0.018273	0.153823
0.05015		0.018328	0.156333
0.0502		0.018289	0.155061
0.05025		0.018236	0.156196
0.0503		0.018319	0.155167
0.05035		0.018288	0.156087
0.0504		0.01833	0.155144
0.05045		0.018292	0.156098
0.0505		0.018237	0.155069
0.05055		0.018258	0.156383
0.0506		0.018218	0.153993
0.05065		0.018222	0.163763
0.0507		0.018251	0.206689
0.05075		0.018228	0.218671
0.0508		0.018181	0.220143
0.05085		0.018233	0.220546
0.0509		0.018223	0.220517
0.05095		0.018897	0.220553
0.051		0.019212	0.220431
0.05105		0.019227	0.220505
0.0511		0.019253	0.220395
0.05115		0.019265	0.220458
0.0512		0.019248	0.220309
0.05125		0.0193	0.220498
0.0513		0.019227	0.220372
0.05135		0.019254	0.22839
0.0514		0.019145	0.233714
0.05145		0.019354	0.233616
0.0515		0.019086	0.234174
0.05155		0.01945	0.233797
0.0516		0.01614	0.234169
0.05165		0.013294	0.233723
0.0517		0.013198	0.234095
0.05175		0.012972	0.233604
0.0518		0.013067	0.234092
0.05185		0.012881	0.233342
0.0519		0.012965	0.234276
0.05195		0.012947	0.232813
0.052		0.012958	0.246999
0.05205		0.012993	0.260679
0.0521		0.012969	0.261001
0.05215		0.012985	0.262319
0.0522		0.012885	0.261426
0.05225		0.013476	0.262143
0.0523		0.014863	0.261461
0.05235		0.01508	0.262124
0.0524		0.015129	0.261325
0.05245		0.015128	0.262108
0.0525		0.015198	0.261054
0.05255		0.015142	0.262414
0.0526		0.015127	0.259983
0.05265		0.015128	0.270908
0.0527		0.015138	0.293922
0.05275		0.015128	0.297077
0.0528		0.015073	0.298433
0.05285		0.015183	0.297934
0.0529		0.014715	0.298378
0.05295		0.011184	0.298008
0.053		0.009953	0.298235
0.05305		0.009884	0.298002
0.0531		0.009728	0.29816
0.05315		0.009751	0.297847
0.0532		0.009709	0.298119
0.05325		0.00975	0.297554
0.0533		0.009735	0.300617
0.05335		0.00971	0.327996
0.0534		0.009738	0.338761
0.05345		0.009797	0.339267
0.0535		0.009644	0.33994
0.05355		0.009886	0.339624
0.0536		0.008287	0.339792
0.05365		0.006822	0.339568
0.0537		0.006772	0.339612
0.05375		0.006693	0.339482
0.0538		0.006742	0.339587
0.05385		0.006656	0.339417
0.0539		0.00665	0.339463
0.05395		0.006601	0.339428
0.054		0.006654	0.342402
0.05405		0.006656	0.34435
0.0541		0.006582	0.344131
0.05415		0.006701	0.344472
0.0542		0.006584	0.344085
0.05425		0.007151	0.344484
0.0543		0.008528	0.343954
0.05435		0.008705	0.344447
0.0544		0.008755	0.343747
0.05445		0.008767	0.344508
0.0545		0.008685	0.343333
0.05455		0.008674	0.345007
0.0546		0.008656	0.342176
0.05465		0.008774	0.359209
0.0547		0.008649	0.382809
0.05475		0.008783	0.384372
0.0548		0.008641	0.386179
0.05485		0.008958	0.38527
0.0549		0.007596	0.386008
0.05495		0.0034	0.385241
0.055		0.00259	0.385853
0.05505		0.002376	0.385313
0.0551		0.002473	0.385648
0.05515		0.002342	0.385173
0.0552		0.002407	0.385562
0.05525		0.002357	0.385132
0.0553		0.002365	0.384368
0.05535		0.002383	0.365632
0.0554		0.002388	0.356551
0.05545		0.002388	0.356118
0.0555		0.002413	0.355371
0.05555		0.002267	0.355605
0.0556		0.001016	0.355343
0.05565		0.000473	0.355451
0.0557		0.000472	0.355168
0.05575		0.000435	0.355239
0.0558		0.000492	0.355107
0.05585		0.000451	0.355111
0.0559		0.000435	0.355048
0.05595		0.00041	0.354373
0.056		0.000436	0.348068
0.05605		0.000454	0.345829
0.0561		0.00043	0.345547
0.05615		0.000441	0.345399
0.0562		0.000463	0.345264
0.05625		-0.000123	0.345348
0.0563		-0.000528	0.345163
0.05635		-0.000535	0.345205
0.0564		-0.000584	0.345026
0.05645		-0.000581	0.345214
0.0565		-0.00061	0.344808
0.05655		-0.000518	0.345196
0.0566		-0.000661	0.344472
0.05665		-0.000587	0.350544
0.0567		-0.000605	0.355731
0.05675		-0.00048	0.35602
0.0568		-0.000618	0.356301
0.05685		-0.000507	0.356164
0.0569		-0.001327	0.356062
0.05695		-0.003392	0.35616
0.057		-0.003689	0.355812
0.05705		-0.00388	0.356109
0.0571		-0.003828	0.355569
0.05715		-0.003873	0.356199
0.0572		-0.003843	0.35515
0.05725		-0.003778	0.357088
0.0573		-0.003795	0.347417
0.05735		-0.003877	0.325412
0.0574		-0.003807	0.322193
0.05745		-0.003884	0.320751
0.0575		-0.00374	0.321164
0.05755		-0.004324	0.320543
0.0576		-0.007073	0.320976
0.05765		-0.007853	0.320548
0.0577		-0.007972	0.320881
0.05775		-0.008049	0.320477
0.0578		-0.008001	0.320789
0.05785		-0.008024	0.320311
0.0579		-0.008016	0.320968
0.05795		-0.008025	0.317961
0.058		-0.007979	0.303235
0.05805		-0.008094	0.298881
0.0581		-0.007994	0.298382
0.05815		-0.008086	0.298089
0.0582		-0.007996	0.298084
0.05825		-0.011066	0.298043
0.0583		-0.013126	0.297978
0.05835		-0.013217	0.29795
0.0584		-0.013328	0.297891
0.05845		-0.013281	0.297847
0.0585		-0.013339	0.297702
0.05855		-0.013281	0.297749
0.0586		-0.013325	0.297635
0.05865		-0.013255	0.296567
0.0587		-0.013331	0.295328
0.05875		-0.013259	0.295568
0.0588		-0.013268	0.295103
0.05885		-0.013227	0.295533
0.0589		-0.013232	0.295
0.05895		-0.013264	0.295503
0.059		-0.013291	0.294779
0.05905		-0.013247	0.295588
0.0591		-0.013237	0.294432
0.05915		-0.013292	0.295887
0.0592		-0.013248	0.293576
0.05925		-0.013331	0.297444
0.0593		-0.013287	0.277536
0.05935		-0.013306	0.240158
0.0594		-0.013188	0.235932
0.05945		-0.01334	0.233295
0.0595		-0.013205	0.234261
0.05955		-0.01373	0.233199
0.0596		-0.015143	0.233975
0.05965		-0.015261	0.233194
0.0597		-0.01536	0.233788
0.05975		-0.015323	0.233191
0.0598		-0.015353	0.233767
0.05985		-0.015353	0.232972
0.0599		-0.015366	0.234032
0.05995		-0.01529	0.229918
0.06		-0.015305	0.216736
0.06005		-0.015314	0.213771
0.0601		-0.015339	0.213146
0.06015		-0.015262	0.213232
0.0602		-0.015273	0.212946
0.06025		-0.015268	0.213106
0.0603		-0.015287	0.212876
0.06035		-0.015329	0.213134
0.0604		-0.015365	0.212804
0.06045		-0.015327	0.213146
0.0605		-0.015384	0.21258
0.06055		-0.015371	0.213724
0.0606		-0.015386	0.20747
0.06065		-0.015328	0.16466
0.0607		-0.015338	0.149502
0.06075		-0.015287	0.148413
0.0608		-0.015446	0.147486
0.06085		-0.015143	0.147777
0.0609		-0.016784	0.14729
0.06095		-0.019069	0.147695
0.061		-0.019142	0.147226
0.06105		-0.019328	0.147756
0.0611		-0.01928	0.147086
0.06115		-0.019316	0.147858
0.0612		-0.019263	0.146677
0.06125		-0.0193	0.148569
0.0613		-0.019296	0.135755
0.06135		-0.019322	0.119749
0.0614		-0.019301	0.118978
0.06145		-0.019276	0.117462
0.0615		-0.019275	0.118232
0.06155		-0.019275	0.117473
0.0616		-0.019346	0.118183
0.06165		-0.019276	0.117432
0.0617		-0.019301	0.118135
0.06175		-0.019265	0.117252
0.0618		-0.019237	0.118307
0.06185		-0.019264	0.116862
0.0619		-0.019269	0.119225
0.06195		-0.019261	0.107546
0.062		-0.019298	0.085683
0.06205		-0.01929	0.083174
0.0621		-0.019283	0.08165
0.06215		-0.01919	0.082256
0.0622		-0.019383	0.081515
0.06225		-0.020156	0.082098
0.0623		-0.020396	0.08161
0.06235		-0.020447	0.082072
0.0624		-0.020392	0.0815
0.06245		-0.020444	0.082094
0.0625		-0.02035	0.081362
0.06255		-0.020389	0.082686
0.0626		-0.020377	0.076728
0.06265		-0.02045	0.042989
0.0627		-0.020377	0.031787
0.06275		-0.020443	0.031067
0.0628		-0.020329	0.030157
0.06285		-0.020465	0.030604
0.0629		-0.018681	0.029961
0.06295		-0.017264	0.030626
0.063		-0.017231	0.029913
0.06305		-0.017119	0.030684
0.0631		-0.017097	0.029736
0.06315		-0.017108	0.0311
0.0632		-0.017112	0.029215
0.06325		-0.017086	0.031431
0.0633		-0.017055	-0.011646
0.06335		-0.017139	-0.04384
0.0634		-0.017021	-0.044183
0.06345		-0.017208	-0.047333
0.0635		-0.016954	-0.045621
0.06355		-0.018315	-0.047251
0.0636		-0.020963	-0.045775
0.06365		-0.021193	-0.047174
0.0637		-0.021404	-0.045742
0.06375		-0.021327	-0.047355
0.0638		-0.021434	-0.045513
0.06385		-0.021331	-0.047772
0.0639		-0.021349	-0.044214
0.06395		-0.021334	-0.069149
0.064		-0.0214	-0.096839
0.06405		-0.021423	-0.09815
0.0641		-0.021385	-0.100474
0.06415		-0.021375	-0.099425
0.0642		-0.021293	-0.100437
0.06425		-0.020601	-0.099625
0.0643		-0.020339	-0.100228
0.06435		-0.020298	-0.099622
0.0644		-0.020342	-0.100204
0.06445		-0.020321	-0.099581
0.0645		-0.020273	-0.100264
0.06455		-0.020233	-0.099202
0.0646		-0.02027	-0.102592
0.06465		-0.02034	-0.110555
0.0647		-0.020263	-0.112332
0.06475		-0.020361	-0.112458
0.0648		-0.020283	-0.112632
0.06485		-0.020235	-0.112458
0.0649		-0.018799	-0.112682
0.06495		-0.018064	-0.112328
0.065		-0.018044	-0.112738
0.06505		-0.017993	-0.112166
0.0651		-0.018045	-0.112835
0.06515		-0.018049	-0.111965
0.0652		-0.018097	-0.113027
0.06525		-0.01804	-0.112564
0.0653		-0.018022	-0.15259
0.06535		-0.018097	-0.177539
0.0654		-0.018003	-0.177926
0.06545		-0.018048	-0.180289
0.0655		-0.017981	-0.178979
0.06555		-0.018472	-0.180107
0.0656		-0.018958	-0.179119
0.06565		-0.019042	-0.180066
0.0657		-0.019054	-0.179103
0.06575		-0.019058	-0.179996
0.0658		-0.019006	-0.17898
0.06585		-0.019028	-0.180126
0.0659		-0.019054	-0.17874
0.06595		-0.019047	-0.202076
0.066		-0.018976	-0.21881
0.06605		-0.019009	-0.219101
0.0661		-0.018962	-0.220656
0.06615		-0.01906	-0.219781
0.0662		-0.018448	-0.220534
0.06625		-0.017168	-0.219795
0.0663		-0.016997	-0.220417
0.06635		-0.016902	-0.219686
0.0664		-0.016939	-0.220476
0.06645		-0.016929	-0.219436
0.0665		-0.016899	-0.220734
0.06655		-0.016918	-0.218673
0.0666		-0.016997	-0.232481
0.06665		-0.016958	-0.248626
0.0667		-0.016906	-0.249476
0.06675		-0.016953	-0.250798
0.0668		-0.016888	-0.250082
0.06685		-0.016779	-0.250614
0.0669		-0.015624	-0.25016
0.06695		-0.015037	-0.250562
0.067		-0.014963	-0.250185
0.06705		-0.014883	-0.250432
0.0671		-0.014992	-0.25004
0.06715		-0.014906	-0.250541
0.0672		-0.014983	-0.249652
0.06725		-0.014936	-0.253375
0.0673		-0.015005	-0.279601
0.06735		-0.014889	-0.28892
0.0674		-0.01502	-0.28952
0.06745		-0.014904	-0.289999
0.0675		-0.015103	-0.289753
0.06755		-0.0121	-0.289981
0.0676		-0.009798	-0.289786
0.06765		-0.009773	-0.289923
0.0677		-0.009581	-0.289667
0.06775		-0.009629	-0.289771
0.0678		-0.009529	-0.289629
0.06785		-0.00962	-0.289538
0.0679		-0.009636	-0.291266
0.06795		-0.009613	-0.318148
0.068		-0.009568	-0.33029
0.06805		-0.009581	-0.330782
0.0681		-0.009598	-0.331642
0.06815		-0.009563	-0.331192
0.0682		-0.009982	-0.331504
0.06825		-0.010511	-0.33118
0.0683		-0.010553	-0.331395
0.06835		-0.010648	-0.331095
0.0684		-0.010635	-0.331361
0.06845		-0.01064	-0.331005
0.0685		-0.010615	-0.331317
0.06855		-0.010596	-0.330768
0.0686		-0.010546	-0.33507
0.06865		-0.010513	-0.338857
0.0687		-0.010667	-0.339002
0.06875		-0.010596	-0.339279
0.0688		-0.010766	-0.339105
0.06885		-0.009886	-0.339231
0.0689		-0.006419	-0.339002
0.06895		-0.005523	-0.33908
0.069		-0.005389	-0.338936
0.06905		-0.005342	-0.338984
0.0691		-0.0053	-0.338813
0.06915		-0.00537	-0.338921
0.0692		-0.005363	-0.338585
0.06925		-0.00534	-0.340005
0.0693		-0.00537	-0.349
0.06935		-0.005355	-0.35178
0.0694		-0.005315	-0.352048
0.06945		-0.005351	-0.35208
0.0695		-0.005216	-0.352058
0.06955		-0.002468	-0.351995
0.0696		-0.00116	-0.351993
0.06965		-0.001147	-0.35192
0.0697		-0.001065	-0.351989
0.06975		-0.001128	-0.351803
0.0698		-0.001051	-0.351932
0.06985		-0.001061	-0.351321
0.0699		-0.001006	-0.354192
0.06995		-0.001089	-0.373691
0.07		-0.00102	-0.380296
0.07005		-0.001039	-0.380861
0.0701		-0.00108	-0.381153
0.07015		-0.001036	-0.381
0.0702		-0.00106	-0.380963
0.07025		-0.001053	-0.38088
0.0703		-0.001045	-0.380845
0.07035		-0.001019	-0.38073
0.0704		-0.001073	-0.380763
0.07045		-0.001008	-0.380728
0.0705		-0.001045	-0.380621
0.07055		-0.001058	-0.380529
0.0706		-0.001106	-0.375471
0.07065		-0.00108	-0.372122
0.0707		-0.00108	-0.372078
0.07075		-0.00105	-0.371624
0.0708		-0.000999	-0.371872
0.07085		-0.001019	-0.371557
0.0709		-0.000999	-0.371797
0.07095		-0.001021	-0.371438
0.071		-0.001098	-0.37175
0.07105		-0.001094	-0.371179
0.0711		-0.001058	-0.371704
0.07115		-0.001054	-0.370939
0.0712		-0.001039	-0.37223
0.07125		-0.001038	-0.36554
0.0713		-0.001027	-0.350043
0.07135		-0.001136	-0.347844
0.0714		-0.001034	-0.346742
0.07145		-0.001195	-0.34704
0.0715		-0.000602	-0.346575
0.07155		0.002773	-0.34694
0.0716		0.003843	-0.346505
0.07165		0.00393	-0.346863
0.0717		0.00391	-0.346318
0.07175		0.003933	-0.346813
0.0718		0.004006	-0.346025
0.07185		0.003951	-0.347292
0.0719		0.004032	-0.341685
0.07195		0.003921	-0.32447
0.072		0.00393	-0.32088
0.07205		0.003954	-0.320004
0.0721		0.004041	-0.320041
0.07215		0.003962	-0.319768
0.0722		0.005204	-0.319923
0.07225		0.006114	-0.319757
0.0723		0.006088	-0.319712
0.07235		0.006234	-0.319605
0.0724		0.006154	-0.319597
0.07245		0.006202	-0.319516
0.0725		0.006076	-0.31956
0.07255		0.00625	-0.318895
0.0726		0.006113	-0.31208
0.07265		0.006271	-0.309035
0.0727		0.006129	-0.308838
0.07275		0.00632	-0.308646
0.0728		0.005894	-0.308627
0.07285		0.008719	-0.308529
0.0729		0.011956	-0.308518
0.07295		0.012142	-0.308509
0.073		0.012463	-0.308377
0.07305		0.012281	-0.308517
0.0731		0.012398	-0.308265
0.07315		0.012289	-0.308432
0.0732		0.012366	-0.308131
0.07325		0.012304	-0.309214
0.0733		0.012322	-0.310993
0.07335		0.012341	-0.311292
0.0734		0.01236	-0.311163
0.07345		0.012388	-0.311263
0.0735		0.01206	-0.31104
0.07355		0.011428	-0.311311
0.0736		0.011354	-0.310933
0.07365		0.011277	-0.31131
0.0737		0.011266	-0.310661
0.07375		0.011251	-0.31141
0.0738		0.011233	-0.310179
0.07385		0.011259	-0.312353
0.0739		0.011281	-0.302171
0.07395		0.011258	-0.274055
0.074		0.01124	-0.268913
0.07405		0.01121	-0.267342
0.0741		0.011181	-0.26767
0.07415		0.011531	-0.267165
0.0742		0.01369	-0.267454
0.07425		0.014418	-0.267131
0.0743		0.014497	-0.267236
0.07435		0.01451	-0.267101
0.0744		0.014481	-0.267225
0.07445		0.014482	-0.267025
0.0745		0.014467	-0.267268
0.07455		0.014477	-0.265286
0.0746		0.014466	-0.241262
0.07465		0.014458	-0.229902
0.0747		0.01446	-0.229737
0.07475		0.014525	-0.228538
0.0748		0.014485	-0.229262
0.07485		0.015095	-0.228422
0.0749		0.015476	-0.229144
0.07495		0.015445	-0.228278
0.075		0.015506	-0.22915
0.07505		0.015483	-0.228004
0.0751		0.015557	-0.22944
0.07515		0.015508	-0.227369
0.0752		0.015491	-0.230847
0.07525		0.01546	-0.213454
0.0753		0.015502	-0.178955
0.07535		0.015528	-0.174766
0.0754		0.015486	-0.172401
0.07545		0.015542	-0.173318
0.0755		0.015534	-0.172333
0.07555		0.015521	-0.173074
0.0756		0.015486	-0.172398
0.07565		0.015498	-0.17311
0.0757		0.015476	-0.172318
0.07575		0.015473	-0.173011
0.0758		0.015494	-0.171962
0.07585		0.015442	-0.173405
0.0759		0.015469	-0.164985
0.07595		0.015534	-0.15296
0.076		0.015461	-0.152113
0.07605		0.015497	-0.151119
0.0761		0.015416	-0.151652
0.07615		0.015586	-0.151063
0.0762		0.017023	-0.151517
0.07625		0.017457	-0.15096
0.0763		0.017568	-0.151462
0.07635		0.017587	-0.150711
0.0764		0.017575	-0.151546
0.07645		0.017541	-0.150453
0.0765		0.017523	-0.152405
0.07655		0.017533	-0.143979
0.0766		0.017539	-0.115628
0.07665		0.017516	-0.109322
0.0767		0.017556	-0.108052
0.07675		0.017593	-0.108027
0.0768		0.017539	-0.107897
0.07685		0.017517	-0.107916
0.0769		0.017583	-0.107841
0.07695		0.017498	-0.107792
0.077		0.017526	-0.107931
0.07705		0.017559	-0.107781
0.0771		0.017528	-0.107862
0.07715		0.017475	-0.10776
0.0772		0.0175	-0.105489
0.07725		0.0175	-0.059874
0.0773		0.017541	-0.037084
0.07735		0.017458	-0.036721
0.0774		0.017531	-0.034535
0.07745		0.017411	-0.03582
0.0775		0.018182	-0.034536
0.07755		0.019331	-0.035681
0.0776		0.019439	-0.034408
0.07765		0.01949	-0.035845
0.0777		0.019385	-0.034174
0.07775		0.019405	-0.036208
0.0778		0.019359	-0.033434
0.07785		0.019457	-0.038056
0.0779		0.019439	-0.01225
0.07795		0.019422	0.026685
0.078		0.019398	0.029884
0.07805		0.019408	0.032787
0.0781		0.019407	0.03148
0.07815		0.019383	0.032703
0.0782		0.019448	0.031647
0.07825		0.019349	0.032599
0.0783		0.019402	0.031821
0.07835		0.019441	0.032578
0.0784		0.019437	0.031716
0.07845		0.019349	0.032773
0.0785		0.019385	0.031188
0.07855		0.019433	0.037503
0.0786		0.019446	0.052108
0.07865		0.019383	0.054639
0.0787		0.019418	0.055335
0.07875		0.019345	0.05519
0.0788		0.019376	0.055346
0.07885		0.017604	0.055245
0.0789		0.016497	0.055408
0.07895		0.016496	0.055263
0.079		0.016377	0.055389
0.07905		0.016336	0.055204
0.0791		0.016337	0.055426
0.07915		0.016407	0.054908
0.0792		0.016377	0.05788
0.07925		0.016382	0.085645
0.0793		0.016359	0.097162
0.07935		0.016299	0.097574
0.0794		0.016365	0.098587
0.07945		0.016299	0.097909
0.0795		0.01729	0.098519
0.07955		0.018265	0.097918
0.0796		0.018267	0.098587
0.07965		0.018306	0.097769
0.0797		0.01831	0.098698
0.07975		0.018329	0.097539
0.0798		0.018277	0.099095
0.07985		0.018344	0.097037
0.0799		0.018313	0.129815
0.07995		0.018299	0.155805
0.08		0.018278	0.155991
0.08005		0.018254	0.158658
0.0801		0.018382	0.157077
0.08015		0.017655	0.158495
0.0802		0.01648	0.157068
0.08025		0.016392	0.158452
0.0803		0.01626	0.157021
0.08035		0.016325	0.158666
0.0804		0.016253	0.156664
0.08045		0.016326	0.15924
0.0805		0.01629	0.154921
0.08055		0.016301	0.177142
0.0806		0.016286	0.213107
0.08065		0.016296	0.216566
0.0807		0.016255	0.219013
0.08075		0.016326	0.21795
0.0808		0.016168	0.218916
0.08085		0.015468	0.218152
0.0809		0.015235	0.218657
0.08095		0.015164	0.218248
0.081		0.015199	0.218595
0.08105		0.015203	0.218242
0.0811		0.015157	0.218503
0.08115		0.015192	0.21817
0.0812		0.015203	0.219196
0.08125		0.015223	0.229679
0.0813		0.015103	0.234675
0.08135		0.015136	0.23462
0.0814		0.015186	0.235176
0.08145		0.015217	0.234768
0.0815		0.014725	0.235087
0.08155		0.014196	0.234806
0.0816		0.014209	0.235098
0.08165		0.014189	0.234595
0.0817		0.01419	0.235006
0.08175		0.014112	0.234466
0.0818		0.014155	0.235121
0.08185		0.014103	0.234751
0.0819		0.014082	0.255922
0.08195		0.014135	0.269302
0.082		0.014171	0.26939
0.08205		0.014089	0.270672
0.0821		0.014177	0.269938
0.08215		0.013824	0.270613
0.0822		0.01307	0.269923
0.08225		0.012999	0.270521
0.0823		0.01291	0.269862
0.08235		0.012948	0.270525
0.0824		0.012928	0.269561
0.08245		0.012937	0.27072
0.0825		0.012924	0.268997
0.08255		0.012921	0.284035
0.0826		0.01294	0.299015
0.08265		0.012972	0.299405
0.0827		0.012906	0.300833
0.08275		0.012989	0.299893
0.0828		0.012651	0.300647
0.08285		0.011243	0.299887
0.0829		0.010848	0.300611
0.08295		0.010818	0.299667
0.083		0.010885	0.300644
0.08305		0.01079	0.299424
0.0831		0.010829	0.300937
0.08315		0.010793	0.29825
0.0832		0.010859	0.309929
0.08325		0.010807	0.338059
0.0833		0.010821	0.342536
0.08335		0.010834	0.344099
0.0834		0.010799	0.343688
0.08345		0.010752	0.344051
0.0835		0.009465	0.343748
0.08355		0.008841	0.343971
0.0836		0.008808	0.343684
0.08365		0.008726	0.343769
0.0837		0.008779	0.343604
0.08375		0.008724	0.343648
0.0838		0.008797	0.343582
0.08385		0.008742	0.343703
0.0839		0.008734	0.349215
0.08395		0.008707	0.352568
0.084		0.008744	0.352485
0.08405		0.008618	0.352766
0.0841		0.008853	0.352442
0.08415		0.00745	0.352685
0.0842		0.005872	0.352405
0.08425		0.005761	0.352553
0.0843		0.005558	0.352302
0.08435		0.005703	0.352499
0.0844		0.0056	0.352127
0.08445		0.005674	0.352497
0.0845		0.005607	0.35193
0.08455		0.005656	0.357442
0.0846		0.005586	0.362229
0.08465		0.005741	0.362417
0.0847		0.005575	0.362619
0.08475		0.005761	0.362484
0.0848		0.004684	0.362455
0.08485		0.002662	0.362494
0.0849		0.00245	0.362336
0.08495		0.002336	0.362412
0.085		0.002389	0.36211
0.08505		0.002331	0.362407
0.0851		0.002411	0.361767
0.08515		0.002359	0.362745
0.0852		0.002414	0.357058
0.08525		0.002428	0.346782
0.0853		0.002472	0.345703
0.08535		0.002352	0.344917
0.0854		0.002429	0.34515
0.08545		0.001975	0.344804
0.0855		6.17E-05	0.344997
0.08555		-0.000514	0.344715
0.0856		-0.000535	0.34495
0.08565		-0.000544	0.344634
0.0857		-0.000577	0.34478
0.08575		-0.00054	0.344475
0.0858		-0.000561	0.344791
0.08585		-0.000624	0.343141
0.0859		-0.000605	0.335491
0.08595		-0.000603	0.33325
0.086		-0.000535	0.332877
0.08605		-0.000535	0.332907
0.0861		-0.000554	0.332667
0.08615		-0.001841	0.332766
0.0862		-0.002529	0.33249
0.08625		-0.002587	0.332688
0.0863		-0.002686	0.332396
0.08635		-0.002669	0.332699
0.0864		-0.002697	0.332216
0.08645		-0.002577	0.332729
0.0865		-0.002643	0.332056
0.08655		-0.002664	0.344894
0.0866		-0.002671	0.353455
0.08665		-0.002598	0.353734
0.0867		-0.002703	0.354286
0.08675		-0.002565	0.353974
0.0868		-0.003601	0.354013
0.08685		-0.004704	0.354027
0.0869		-0.004728	0.353839
0.08695		-0.004791	0.354024
0.087		-0.00478	0.353634
0.08705		-0.004867	0.354164
0.0871		-0.00483	0.353021
0.08715		-0.004868	0.354858
0.0872		-0.004831	0.341302
0.08725		-0.00489	0.324115
0.0873		-0.004778	0.323228
0.08735		-0.004835	0.321676
0.0874		-0.004778	0.322371
0.08745		-0.004965	0.321534
0.0875		-0.005612	0.322196
0.08755		-0.005833	0.321515
0.0876		-0.005802	0.322049
0.08765		-0.005898	0.321469
0.0877		-0.005819	0.32194
0.08775		-0.005869	0.321161
0.0878		-0.005852	0.322425
0.08785		-0.005924	0.317194
0.0879		-0.005932	0.298308
0.08795		-0.005942	0.293814
0.088		-0.005773	0.292968
0.08805		-0.005959	0.29293
0.0881		-0.005814	0.292723
0.08815		-0.010078	0.292739
0.0882		-0.013072	0.292682
0.08825		-0.013062	0.292812
0.0883		-0.013388	0.292564
0.08835		-0.013232	0.292663
0.0884		-0.01334	0.292405
0.08845		-0.013274	0.292509
0.0885		-0.013321	0.292616
0.08855		-0.013231	0.296297
0.0886		-0.013301	0.297377
0.08865		-0.013261	0.297698
0.0887		-0.013236	0.29732
0.08875		-0.013281	0.29778
0.0888		-0.013268	0.297122
0.08885		-0.013255	0.297769
0.0889		-0.013298	0.296916
0.08895		-0.013306	0.297986
0.089		-0.013292	0.296538
0.08905		-0.013318	0.298333
0.0891		-0.013281	0.295643
0.08915		-0.013316	0.299972
0.0892		-0.013266	0.265403
0.08925		-0.013295	0.227369
0.0893		-0.013253	0.225842
0.08935		-0.013386	0.222343
0.0894		-0.013147	0.224058
0.08945		-0.014155	0.222406
0.0895		-0.015979	0.223757
0.08955		-0.016201	0.222543
0.0896		-0.016248	0.223618
0.08965		-0.01624	0.222454
0.0897		-0.016266	0.223688
0.08975		-0.016223	0.222121
0.0898		-0.016325	0.224345
0.08985		-0.016248	0.213473
0.0899		-0.016247	0.197057
0.08995		-0.016201	0.195339
0.09		-0.016245	0.19423
0.09005		-0.016203	0.194644
0.0901		-0.016349	0.194278
0.09015		-0.016998	0.194486
0.0902		-0.017243	0.194171
0.09025		-0.017232	0.194373
0.0903		-0.017238	0.194138
0.09035		-0.017213	0.1943
0.0904		-0.017243	0.194066
0.09045		-0.017253	0.194543
0.0905		-0.017184	0.191243
0.09055		-0.017239	0.159242
0.0906		-0.017179	0.145906
0.09065		-0.017184	0.145317
0.0907		-0.017202	0.144219
0.09075		-0.017172	0.144742
0.0908		-0.018406	0.144167
0.09085		-0.019182	0.144661
0.0909		-0.019193	0.144134
0.09095		-0.019293	0.144606
0.091		-0.019305	0.144056
0.09105		-0.019341	0.144646
0.0911		-0.01926	0.143737
0.09115		-0.019301	0.144557
0.0912		-0.019261	0.121306
0.09125		-0.019312	0.105744
0.0913		-0.019204	0.105462
0.09135		-0.019301	0.103981
0.0914		-0.019212	0.104792
0.09145		-0.019773	0.10393
0.0915		-0.02037	0.104626
0.09155		-0.020368	0.10397
0.0916		-0.020488	0.104621
0.09165		-0.020472	0.103841
0.0917		-0.020459	0.104755
0.09175		-0.020418	0.103479
0.0918		-0.020433	0.105464
0.09185		-0.020409	0.09451
0.0919		-0.020376	0.077174
0.09195		-0.020409	0.075834
0.092		-0.020413	0.074331
0.09205		-0.020343	0.075133
0.0921		-0.020606	0.07425
0.09215		-0.021303	0.075006
0.0922		-0.02142	0.074108
0.09225		-0.021467	0.075032
0.0923		-0.021496	0.073976
0.09235		-0.021456	0.075312
0.0924		-0.021386	0.073501
0.09245		-0.02143	0.076708
0.0925		-0.021355	0.062183
0.09255		-0.021415	0.025768
0.0926		-0.021359	0.019631
0.09265		-0.021422	0.017644
0.0927		-0.021415	0.018125
0.09275		-0.021281	0.01753
0.0928		-0.019228	0.017942
0.09285		-0.018259	0.017619
0.0929		-0.018219	0.017863
0.09295		-0.018112	0.017694
0.093		-0.018123	0.017701
0.09305		-0.018166	0.017616
0.0931		-0.018154	0.017999
0.09315		-0.018186	0.01494
0.0932		-0.018125	-0.025901
0.09325		-0.018141	-0.044597
0.0933		-0.018062	-0.045059
0.09335		-0.018175	-0.046693
0.0934		-0.018022	-0.045799
0.09345		-0.01956	-0.046707
0.0935		-0.02122	-0.045884
0.09355		-0.021268	-0.046775
0.0936		-0.021367	-0.045929
0.09365		-0.021334	-0.046741
0.0937		-0.021404	-0.04572
0.09375		-0.021326	-0.047023
0.0938		-0.021375	-0.045854
0.09385		-0.021307	-0.07834
0.0939		-0.021327	-0.100017
0.09395		-0.021357	-0.100393
0.094		-0.021316	-0.102379
0.09405		-0.02133	-0.101373
0.0941		-0.021142	-0.102235
0.09415		-0.020469	-0.10151
0.0942		-0.020332	-0.102108
0.09425		-0.020288	-0.10159
0.0943		-0.020305	-0.102115
0.09435		-0.020305	-0.101594
0.0944		-0.020248	-0.102197
0.09445		-0.020215	-0.101132
0.0945		-0.020196	-0.106173
0.09455		-0.02024	-0.115949
0.0946		-0.020254	-0.117037
0.09465		-0.02024	-0.117821
0.0947		-0.020346	-0.117319
0.09475		-0.019965	-0.117866
0.0948		-0.018484	-0.117298
0.09485		-0.0181	-0.117924
0.0949		-0.018032	-0.117126
0.09495		-0.018023	-0.118021
0.095		-0.018023	-0.116757
0.09505		-0.018008	-0.118534
0.0951		-0.017988	-0.115386
0.09515		-0.017995	-0.129187
0.0952		-0.018066	-0.176917
0.09525		-0.018027	-0.187732
0.0953		-0.017981	-0.189819
0.09535		-0.018003	-0.189776
0.0954		-0.018027	-0.190035
0.09545		-0.017973	-0.18986
0.0955		-0.018062	-0.189894
0.09555		-0.018045	-0.18989
0.0956		-0.018011	-0.189806
0.09565		-0.018007	-0.190054
0.0957		-0.017955	-0.189601
0.09575		-0.017993	-0.190039
0.0958		-0.018016	-0.190268
0.09585		-0.018029	-0.218926
0.0959		-0.017955	-0.23544
0.09595		-0.017999	-0.235641
0.096		-0.017985	-0.237179
0.09605		-0.017981	-0.236394
0.0961		-0.017571	-0.237019
0.09615		-0.017017	-0.236406
0.0962		-0.01701	-0.236867
0.09625		-0.01687	-0.236379
0.0963		-0.016877	-0.236834
0.09635		-0.016832	-0.236272
0.0964		-0.016898	-0.236937
0.09645		-0.016844	-0.23603
0.0965		-0.016909	-0.243583
0.09655		-0.016903	-0.25068
0.0966		-0.016873	-0.250732
0.09665		-0.016857	-0.251405
0.0967		-0.016973	-0.250887
0.09675		-0.016495	-0.251406
0.0968		-0.014551	-0.250849
0.09685		-0.013963	-0.251533
0.0969		-0.013904	-0.250685
0.09695		-0.01388	-0.25159
0.097		-0.013913	-0.250297
0.09705		-0.013935	-0.251978
0.0971		-0.013946	-0.24902
0.09715		-0.013867	-0.264549
0.0972		-0.01388	-0.289962
0.09725		-0.013875	-0.292345
0.0973		-0.01389	-0.294131
0.09735		-0.013871	-0.293408
0.0974		-0.013721	-0.293966
0.09745		-0.010981	-0.293484
0.0975		-0.009696	-0.29388
0.09755		-0.00969	-0.293526
0.0976		-0.009551	-0.293662
0.09765		-0.009566	-0.293536
0.0977		-0.009552	-0.293543
0.09775		-0.009577	-0.293348
0.0978		-0.009528	-0.294748
0.09785		-0.009521	-0.317908
0.0979		-0.009621	-0.329211
0.09795		-0.009598	-0.329432
0.098		-0.009594	-0.330371
0.09805		-0.009522	-0.329778
0.0981		-0.010047	-0.330293
0.09815		-0.010505	-0.32981
0.0982		-0.010541	-0.330132
0.09825		-0.010582	-0.329725
0.0983		-0.010564	-0.330081
0.09835		-0.010535	-0.329593
0.0984		-0.010566	-0.330055
0.09845		-0.01053	-0.329473
0.0985		-0.010623	-0.338423
0.09855		-0.01053	-0.344783
0.0986		-0.010656	-0.344901
0.09865		-0.010486	-0.345381
0.0987		-0.010752	-0.345078
0.09875		-0.009182	-0.345294
0.0988		-0.005924	-0.345015
0.09885		-0.0055	-0.345166
0.0989		-0.00526	-0.344868
0.09895		-0.005345	-0.345019
0.099		-0.005264	-0.344821
0.09905		-0.005296	-0.344965
0.0991		-0.005319	-0.34451
0.09915		-0.005342	-0.346724
0.0992		-0.005397	-0.349543
0.09925		-0.005349	-0.34971
0.0993		-0.00536	-0.34984
0.09935		-0.00532	-0.349701
0.0994		-0.005274	-0.349705
0.09945		-0.002694	-0.349631
0.0995		-0.00116	-0.34964
0.09955		-0.001108	-0.349555
0.0996		-0.001012	-0.349517
0.09965		-0.001032	-0.349437
0.0997		-0.001004	-0.34938
0.09975		-0.001042	-0.349436
0.0998		-0.001075	-0.349066
0.09985		-0.001104	-0.348317
0.0999		-0.001076	-0.348143
0.09995		-0.00098	-0.348094
