0.00E+00	-0.015291	0.249076
5.00E-05	-0.013841	0.249427
1.00E-04	-0.013606	0.249006
0.00015		-0.013491	0.249325
0.0002		-0.013466	0.248946
0.00025		-0.013486	0.24918
0.0003		-0.013464	0.248846
0.00035		-0.013435	0.249095
0.0004		-0.013506	0.248714
0.00045		-0.013477	0.249372
0.0005		-0.013465	0.246334
0.00055		-0.013446	0.22888
0.0006		-0.013418	0.223237
0.00065		-0.013505	0.222619
0.0007		-0.016051	0.222378
0.00075		-0.017347	0.22239
0.0008		-0.01742	0.22228
0.00085		-0.017508	0.222291
0.0009		-0.017419	0.222302
0.00095		-0.017431	0.222232
0.001		-0.017479	0.222273
0.00105		-0.017442	0.22204
0.0011		-0.017457	0.222351
0.00115		-0.017511	0.220063
0.0012		-0.017465	0.200235
0.00125		-0.017416	0.192551
0.0013		-0.017463	0.192105
0.00135		-0.017131	0.191517
0.0014		-0.016489	0.191732
0.00145		-0.016455	0.191366
0.0015		-0.016415	0.191665
0.00155		-0.016477	0.191242
0.0016		-0.016359	0.19155
0.00165		-0.016377	0.191136
0.0017		-0.016393	0.191734
0.00175		-0.016445	0.190825
0.0018		-0.016345	0.192323
0.00185		-0.016384	0.183903
0.0019		-0.016333	0.167558
0.00195		-0.016419	0.165956
0.002		-0.016138	0.164569
0.00205		-0.01556	0.16525
0.0021		-0.015432	0.164461
0.00215		-0.015424	0.165301
0.0022		-0.015468	0.164358
0.00225		-0.015498	0.165287
0.0023		-0.015398	0.164106
0.00235		-0.015435	0.165551
0.0024		-0.015425	0.163433
0.00245		-0.015464	0.167048
0.0025		-0.015427	0.149717
0.00255		-0.015446	0.112661
0.0026		-0.015356	0.107819
0.00265		-0.015907	0.105321
0.0027		-0.017919	0.106159
0.00275		-0.018284	0.10521
0.0028		-0.018411	0.1059
0.00285		-0.018356	0.105276
0.0029		-0.018421	0.105892
0.00295		-0.018459	0.105242
0.003		-0.018457	0.105861
0.00305		-0.018477	0.105058
0.0031		-0.018452	0.106314
0.00315		-0.018385	0.101517
0.0032		-0.018437	0.082191
0.00325		-0.018382	0.076834
0.0033		-0.018444	0.07618
0.00335		-0.016714	0.075959
0.0034		-0.015543	0.076078
0.00345		-0.015497	0.075821
0.0035		-0.015402	0.076004
0.00355		-0.015409	0.075758
0.0036		-0.015405	0.076021
0.00365		-0.015512	0.075637
0.0037		-0.015397	0.07614
0.00375		-0.015497	0.075427
0.0038		-0.015377	0.076606
0.00385		-0.015404	0.063154
0.0039		-0.015394	0.050688
0.00395		-0.015353	0.050629
0.004		-0.015685	0.049307
0.00405		-0.016177	0.050111
0.0041		-0.016164	0.049244
0.00415		-0.016269	0.050094
0.0042		-0.01631	0.049155
0.00425		-0.016288	0.050086
0.0043		-0.016286	0.049062
0.00435		-0.016253	0.050355
0.0044		-0.016248	0.048531
0.00445		-0.016241	0.051354
0.0045		-0.016264	0.028893
0.00455		-0.016258	0.004699
0.0046		-0.016323	0.003903
0.00465		-0.016253	0.0016
0.0047		-0.015597	0.002858
0.00475		-0.015369	0.001638
0.0048		-0.015336	0.002743
0.00485		-0.015308	0.001644
0.0049		-0.015305	0.002773
0.00495		-0.01536	0.001553
0.005		-0.015331	0.002912
0.00505		-0.015323	0.001087
0.0051		-0.015328	0.004113
0.00515		-0.015301	-0.009548
0.0052		-0.015325	-0.036865
0.00525		-0.015258	-0.040553
0.0053		-0.015221	-0.042098
0.00535		-0.012544	-0.041782
0.0054		-0.011139	-0.042124
0.00545		-0.011099	-0.041905
0.0055		-0.010984	-0.041887
0.00555		-0.010996	-0.042033
0.0056		-0.010959	-0.041851
0.00565		-0.011039	-0.04218
0.0057		-0.010954	-0.041637
0.00575		-0.010997	-0.042425
0.0058		-0.011026	-0.042103
0.00585		-0.011014	-0.075596
0.0059		-0.010999	-0.096898
0.00595		-0.011039	-0.097041
0.006		-0.01103	-0.099167
0.00605		-0.011002	-0.097916
0.0061		-0.010997	-0.099082
0.00615		-0.010974	-0.098042
0.0062		-0.011007	-0.099052
0.00625		-0.011004	-0.097987
0.0063		-0.011054	-0.099092
0.00635		-0.010952	-0.097751
0.0064		-0.010971	-0.09952
0.00645		-0.010984	-0.096952
0.0065		-0.011008	-0.116971
0.00655		-0.010912	-0.137369
0.0066		-0.011067	-0.138176
0.00665		-0.010339	-0.1399
0.0067		-0.008286	-0.138994
0.00675		-0.007932	-0.139746
0.0068		-0.00784	-0.139092
0.00685		-0.007884	-0.139627
0.0069		-0.007829	-0.139088
0.00695		-0.007874	-0.139634
0.007		-0.007839	-0.139077
0.00705		-0.00791	-0.139643
0.0071		-0.007885	-0.138721
0.00715		-0.00791	-0.142158
0.0072		-0.007869	-0.149454
0.00725		-0.007864	-0.1505
0.0073		-0.007403	-0.150875
0.00735		-0.004614	-0.150796
0.0074		-0.003719	-0.150886
0.00745		-0.003636	-0.150731
0.0075		-0.003551	-0.150833
0.00755		-0.00363	-0.150789
0.0076		-0.003585	-0.150728
0.00765		-0.00361	-0.150705
0.0077		-0.003682	-0.1507
0.00775		-0.003601	-0.150645
0.0078		-0.003619	-0.150908
0.00785		-0.003641	-0.153695
0.0079		-0.003601	-0.154744
0.00795		-0.003603	-0.154729
0.008		-0.003578	-0.154758
0.00805		-0.003627	-0.154741
0.0081		-0.003632	-0.154759
0.00815		-0.003605	-0.154693
0.0082		-0.003623	-0.154721
0.00825		-0.003589	-0.154638
0.0083		-0.003615	-0.15459
0.00835		-0.003633	-0.154673
0.0084		-0.003674	-0.154289
0.00845		-0.003703	-0.157678
0.0085		-0.003662	-0.199352
0.00855		-0.003603	-0.217885
0.0086		-0.003621	-0.218339
0.00865		-0.003189	-0.220024
0.0087		-0.002468	-0.218975
0.00875		-0.002466	-0.220031
0.0088		-0.00248	-0.218974
0.00885		-0.002488	-0.220043
0.0089		-0.002422	-0.218806
0.00895		-0.002385	-0.220212
0.009		-0.002399	-0.218383
0.00905		-0.00245	-0.220854
0.0091		-0.002455	-0.216513
0.00915		-0.002466	-0.240949
0.0092		-0.002447	-0.276439
0.00925		-0.002418	-0.279174
0.0093		-0.002321	-0.281847
0.00935		-0.001002	-0.280629
0.0094		-0.000396	-0.281762
0.00945		-0.000355	-0.280854
0.0095		-0.00033	-0.28145
0.00955		-0.000404	-0.280873
0.0096		-0.000414	-0.281339
0.00965		-0.000404	-0.280904
0.0097		-0.000351	-0.281161
0.00975		-0.000343	-0.280854
0.0098		-0.000366	-0.281359
0.00985		-0.00037	-0.28179
0.0099		-0.000362	-0.281967
0.00995		-0.000239	-0.281819
0.01		0.00162	-0.281867
0.01005		0.002516	-0.281789
0.0101		0.002472	-0.281809
0.01015		0.002569	-0.281702
0.0102		0.002568	-0.281688
0.01025		0.002618	-0.281645
0.0103		0.002533	-0.281603
0.01035		0.002671	-0.281606
0.0104		0.002546	-0.281405
0.01045		0.002638	-0.282012
0.0105		0.00245	-0.286864
0.01055		0.002703	-0.28855
0.0106		0.002303	-0.288622
0.01065		0.005271	-0.288675
0.0107		0.008554	-0.288673
0.01075		0.00872	-0.288575
0.0108		0.00897	-0.288524
0.01085		0.008863	-0.288531
0.0109		0.008942	-0.288431
0.01095		0.00887	-0.288352
0.011		0.00892	-0.288395
0.01105		0.008863	-0.2883
0.0111		0.008911	-0.288354
0.01115		0.008963	-0.287386
0.0112		0.008866	-0.286123
0.01125		0.009025	-0.28611
0.0113		0.008102	-0.285907
0.01135		0.005289	-0.28599
0.0114		0.004763	-0.285855
0.01145		0.004576	-0.285931
0.0115		0.004639	-0.285752
0.01155		0.004639	-0.28584
0.0116		0.004662	-0.285615
0.01165		0.004649	-0.285827
0.0117		0.004682	-0.285432
0.01175		0.004678	-0.286023
0.0118		0.004665	-0.283009
0.01185		0.004649	-0.275576
0.0119		0.004583	-0.274334
0.01195		0.004904	-0.273808
0.012		0.006985	-0.27393
0.01205		0.007774	-0.273774
0.0121		0.00784	-0.273793
0.01215		0.007938	-0.27363
0.0122		0.007879	-0.273721
0.01225		0.007868	-0.273622
0.0123		0.007831	-0.273641
0.01235		0.00787	-0.273511
0.0124		0.007858	-0.273563
0.01245		0.007924	-0.273
0.0125		0.007799	-0.270745
0.01255		0.00784	-0.27025
0.0126		0.007795	-0.27011
0.01265		0.009414	-0.270097
0.0127		0.010822	-0.269949
0.01275		0.010812	-0.270038
0.0128		0.010985	-0.26986
0.01285		0.010874	-0.269952
0.0129		0.010937	-0.26979
0.01295		0.010892	-0.269955
0.013		0.010893	-0.269651
0.01305		0.010795	-0.269841
0.0131		0.010911	-0.269683
0.01315		0.010833	-0.278243
0.0132		0.010974	-0.28285
0.01325		0.010696	-0.283158
0.0133		0.012101	-0.28322
0.01335		0.013906	-0.283316
0.0134		0.014059	-0.283058
0.01345		0.014142	-0.283361
0.0135		0.014061	-0.282829
0.01355		0.014188	-0.283412
0.0136		0.014112	-0.282558
0.01365		0.014126	-0.283686
0.0137		0.014098	-0.281954
0.01375		0.014119	-0.284922
0.0138		0.014083	-0.268685
0.01385		0.014083	-0.239869
0.0139		0.014068	-0.237034
0.01395		0.014223	-0.234825
0.014		0.014943	-0.235699
0.01405		0.015118	-0.234836
0.0141		0.015181	-0.235389
0.01415		0.015154	-0.234886
0.0142		0.015131	-0.235307
0.01425		0.015166	-0.234764
0.0143		0.015173	-0.235137
0.01435		0.015095	-0.23464
0.0144		0.015094	-0.235349
0.01445		0.015131	-0.232537
0.0145		0.015101	-0.21942
0.01455		0.015112	-0.21538
0.0146		0.015079	-0.214936
0.01465		0.013704	-0.214718
0.0147		0.013043	-0.214716
0.01475		0.012984	-0.214658
0.0148		0.012954	-0.214584
0.01485		0.012999	-0.214532
0.0149		0.012959	-0.214547
0.01495		0.012939	-0.214547
0.015		0.012876	-0.214495
0.01505		0.012869	-0.214539
0.0151		0.012956	-0.213973
0.01515		0.0129	-0.208471
0.0152		0.012954	-0.206167
0.01525		0.012858	-0.206058
0.0153		0.013731	-0.205795
0.01535		0.014984	-0.205944
0.0154		0.01508	-0.205753
0.01545		0.015149	-0.20591
0.0155		0.015087	-0.205695
0.01555		0.015102	-0.205776
0.0156		0.015027	-0.205603
0.01565		0.01509	-0.205818
0.0157		0.015109	-0.2053
0.01575		0.015069	-0.206116
0.0158		0.01505	-0.200484
0.01585		0.015032	-0.192699
0.0159		0.015087	-0.192455
0.01595		0.015048	-0.191544
0.016		0.015092	-0.192156
0.01605		0.015105	-0.191429
0.0161		0.015138	-0.192097
0.01615		0.015043	-0.191273
0.0162		0.015062	-0.192152
0.01625		0.015025	-0.191078
0.0163		0.015032	-0.19241
0.01635		0.014996	-0.190441
0.0164		0.014983	-0.19379
0.01645		0.015027	-0.177582
0.0165		0.015003	-0.143269
0.01655		0.015016	-0.138755
0.0166		0.015053	-0.136524
0.01665		0.015109	-0.137236
0.0167		0.015057	-0.136385
0.01675		0.015039	-0.136989
0.0168		0.01502	-0.136426
0.01685		0.014999	-0.136991
0.0169		0.014989	-0.136419
0.01695		0.015032	-0.136914
0.017		0.015021	-0.136186
0.01705		0.014996	-0.13739
0.0171		0.014946	-0.131922
0.01715		0.014942	-0.095227
0.0172		0.014999	-0.082282
0.01725		0.014996	-0.081387
0.0173		0.014985	-0.080531
0.01735		0.015024	-0.080916
0.0174		0.01501	-0.080561
0.01745		0.014966	-0.080903
0.0175		0.014933	-0.080493
0.01755		0.014974	-0.080856
0.0176		0.014981	-0.080371
0.01765		0.014909	-0.080874
0.0177		0.014991	-0.080217
0.01775		0.014958	-0.080949
0.0178		0.015037	-0.065562
0.01785		0.014935	-0.054096
0.0179		0.015139	-0.054074
0.01795		0.014007	-0.052855
0.018		0.012079	-0.053623
0.01805		0.011869	-0.05292
0.0181		0.01169	-0.053579
0.01815		0.011775	-0.052872
0.0182		0.01169	-0.053605
0.01825		0.011705	-0.052681
0.0183		0.011665	-0.053797
0.01835		0.011675	-0.052252
0.0184		0.011702	-0.05471
0.01845		0.011732	-0.037091
0.0185		0.011701	-0.01654
0.01855		0.011742	-0.015654
0.0186		0.011721	-0.013701
0.01865		0.011706	-0.014784
0.0187		0.01172	-0.013804
0.01875		0.011734	-0.0147
0.0188		0.011712	-0.013854
0.01885		0.011666	-0.014699
0.0189		0.01168	-0.013771
0.01895		0.011673	-0.014962
0.019		0.011686	-0.013395
0.01905		0.011731	-0.015774
0.0191		0.011702	-0.005682
0.01915		0.011694	0.01984
0.0192		0.011701	0.024531
0.01925		0.011732	0.025591
0.0193		0.011033	0.025678
0.01935		0.010645	0.025633
0.0194		0.010655	0.025862
0.01945		0.010631	0.025528
0.0195		0.010675	0.026079
0.01955		0.010663	0.025286
0.0196		0.010581	0.026235
0.01965		0.010586	0.024961
0.0197		0.010614	0.026711
0.01975		0.01062	0.025402
0.0198		0.010592	0.080432
0.01985		0.010579	0.116205
0.0199		0.010645	0.116868
0.01995		0.01062	0.119963
0.02		0.010598	0.118383
0.02005		0.010612	0.119808
0.0201		0.010582	0.118723
0.02015		0.010537	0.119624
0.0202		0.010615	0.118856
0.02025		0.010619	0.119403
0.0203		0.010574	0.118918
0.02035		0.010605	0.119359
0.0204		0.010612	0.118904
0.02045		0.01054	0.11995
0.0205		0.010641	0.120866
0.02055		0.010461	0.121055
0.0206		0.011203	0.121033
0.02065		0.012489	0.120969
0.0207		0.01268	0.121047
0.02075		0.012711	0.120813
0.0208		0.012673	0.121131
0.02085		0.012684	0.120754
0.0209		0.012625	0.121155
0.02095		0.012689	0.120459
0.021		0.012696	0.121455
0.02105		0.01267	0.119827
0.0211		0.012686	0.128923
0.02115		0.012662	0.142949
0.0212		0.01264	0.14425
0.02125		0.012549	0.145235
0.0213		0.01059	0.144872
0.02135		0.009609	0.145167
0.0214		0.009584	0.144946
0.02145		0.009539	0.14494
0.0215		0.009587	0.144973
0.02155		0.009498	0.144901
0.0216		0.009602	0.145121
0.02165		0.009495	0.14478
0.0217		0.009587	0.145148
0.02175		0.009494	0.145519
0.0218		0.009607	0.175046
0.02185		0.009495	0.191808
0.0219		0.009602	0.192085
0.02195		0.007418	0.19356
0.022		0.005615	0.192681
0.02205		0.005534	0.193398
0.0221		0.005353	0.192845
0.02215		0.005443	0.19331
0.0222		0.005395	0.192751
0.02225		0.00543	0.193221
0.0223		0.005377	0.192767
0.02235		0.005427	0.193218
0.0224		0.005374	0.193031
0.02245		0.00541	0.20626
0.0225		0.005397	0.214188
0.02255		0.005408	0.21433
0.0226		0.005415	0.215071
0.02265		0.005356	0.214504
0.0227		0.005422	0.214951
0.02275		0.00543	0.214491
0.0228		0.005373	0.214907
0.02285		0.005379	0.214334
0.0229		0.005373	0.214912
0.02295		0.005385	0.214115
0.023		0.005416	0.215165
0.02305		0.005433	0.213287
0.0231		0.005475	0.222468
0.02315		0.005338	0.240613
0.0232		0.005555	0.242874
0.02325		0.004691	0.244027
0.0233		0.001291	0.243557
0.02335		0.000414	0.243958
0.0234		0.000269	0.243595
0.02345		0.000267	0.243919
0.0235		0.000239	0.243536
0.02355		0.000192	0.243768
0.0236		0.000171	0.243447
0.02365		0.000204	0.243725
0.0237		0.000258	0.243263
0.02375		0.000265	0.244588
0.0238		0.000241	0.248539
0.02385		0.000255	0.249668
0.0239		9.46E-05	0.249597
0.02395		-0.001829	0.249739
0.024		-0.002709	0.249554
0.02405		-0.002758	0.249722
0.0241		-0.002891	0.249445
0.02415		-0.002869	0.249649
0.0242		-0.002861	0.249321
0.02425		-0.002832	0.249731
0.0243		-0.002917	0.249116
0.02435		-0.002906	0.249811
0.0244		-0.002946	0.249358
0.02445		-0.002862	0.274354
0.0245		-0.002902	0.289954
0.02455		-0.002782	0.290217
0.0246		-0.003847	0.291575
0.02465		-0.004941	0.290865
0.0247		-0.004989	0.29136
0.02475		-0.005107	0.290867
0.0248		-0.005009	0.291161
0.02485		-0.005087	0.290874
0.0249		-0.00503	0.291027
0.02495		-0.005075	0.290867
0.025		-0.004943	0.290769
0.02505		-0.005085	0.2909
0.0251		-0.00502	0.289001
0.02515		-0.00503	0.286735
0.0252		-0.004916	0.286591
0.02525		-0.005549	0.286293
0.0253		-0.006886	0.286411
0.02535		-0.007051	0.286251
0.0254		-0.007126	0.28631
0.02545		-0.007078	0.286114
0.0255		-0.00712	0.286262
0.02555		-0.007127	0.286126
0.0256		-0.007123	0.286143
0.02565		-0.007099	0.285996
0.0257		-0.007083	0.286219
0.02575		-0.007088	0.285021
0.0258		-0.007107	0.281668
0.02585		-0.007148	0.280923
0.0259		-0.007112	0.280711
0.02595		-0.00849	0.280703
0.026		-0.009178	0.280549
0.02605		-0.009177	0.280614
0.0261		-0.009245	0.280526
0.02615		-0.009225	0.280536
0.0262		-0.009252	0.28035
0.02625		-0.009262	0.28047
0.0263		-0.009314	0.280261
0.02635		-0.009192	0.280633
0.0264		-0.009212	0.27879
0.02645		-0.009237	0.271117
0.0265		-0.009267	0.26905
0.02655		-0.00926	0.268605
0.0266		-0.009849	0.268594
0.02665		-0.010248	0.268509
0.0267		-0.01023	0.268544
0.02675		-0.010294	0.268422
0.0268		-0.010263	0.268439
0.02685		-0.010246	0.268362
0.0269		-0.010271	0.268329
0.02695		-0.010291	0.268223
0.027		-0.010334	0.268233
0.02705		-0.010333	0.268204
0.0271		-0.010289	0.271179
0.02715		-0.010327	0.273207
0.0272		-0.010271	0.273204
0.02725		-0.010682	0.273338
0.0273		-0.011239	0.273197
0.02735		-0.011289	0.273192
0.0274		-0.011369	0.273082
0.02745		-0.011243	0.273118
0.0275		-0.011278	0.273031
0.02755		-0.011292	0.273145
0.0276		-0.0113	0.273011
0.02765		-0.011232	0.273013
0.0277		-0.011347	0.27292
0.02775		-0.011209	0.272949
0.0278		-0.011422	0.272787
0.02785		-0.011211	0.272816
0.0279		-0.012344	0.272656
0.02795		-0.015048	0.272838
0.028		-0.015454	0.27259
0.02805		-0.015584	0.272738
0.0281		-0.015541	0.272476
0.02815		-0.01553	0.27272
0.0282		-0.015512	0.272235
0.02825		-0.015619	0.272793
0.0283		-0.015579	0.27193
0.02835		-0.015567	0.273407
0.0284		-0.015508	0.266493
0.02845		-0.015539	0.248089
0.0285		-0.015574	0.244838
0.02855		-0.015473	0.243757
0.0286		-0.01338	0.243936
0.02865		-0.012538	0.243643
0.0287		-0.012456	0.243739
0.02875		-0.012503	0.243535
0.0288		-0.012366	0.243673
0.02885		-0.012418	0.24357
0.0289		-0.012397	0.243584
0.02895		-0.012489	0.243474
0.029		-0.012301	0.243479
0.02905		-0.012455	0.242879
0.0291		-0.012349	0.231094
0.02915		-0.012552	0.224788
0.0292		-0.012091	0.224738
0.02925		-0.015048	0.224046
0.0293		-0.019061	0.224422
0.02935		-0.019275	0.223987
0.0294		-0.019592	0.224335
0.02945		-0.019453	0.223832
0.0295		-0.019572	0.224354
0.02955		-0.019474	0.223724
0.0296		-0.019531	0.224417
0.02965		-0.019501	0.223352
0.0297		-0.019545	0.224767
0.02975		-0.019568	0.206283
0.0298		-0.019519	0.190703
0.02985		-0.01957	0.190368
0.0299		-0.018977	0.188808
0.02995		-0.017675	0.189659
0.03		-0.017478	0.188763
0.03005		-0.01739	0.189507
0.0301		-0.017431	0.188801
0.03015		-0.01743	0.189491
0.0302		-0.017387	0.188648
0.03025		-0.017397	0.189532
0.0303		-0.017421	0.188254
0.03035		-0.017435	0.19023
0.0304		-0.017412	0.180411
0.03045		-0.017378	0.160817
0.0305		-0.01742	0.158477
0.03055		-0.017208	0.157029
0.0306		-0.015938	0.157654
0.03065		-0.015479	0.156892
0.0307		-0.015494	0.157443
0.03075		-0.015434	0.156782
0.0308		-0.015421	0.157429
0.03085		-0.015376	0.156601
0.0309		-0.015397	0.157641
0.03095		-0.015423	0.15637
0.031		-0.015414	0.158522
0.03105		-0.01543	0.148693
0.0311		-0.015461	0.113429
0.03115		-0.015413	0.105057
0.0312		-0.015419	0.103599
0.03125		-0.015923	0.103451
0.0313		-0.016273	0.103227
0.03135		-0.016233	0.103305
0.0314		-0.016284	0.103279
0.03145		-0.0163	0.103232
0.0315		-0.016304	0.103312
0.03155		-0.01629	0.103117
0.0316		-0.016255	0.103373
0.03165		-0.01629	0.102991
0.0317		-0.016273	0.102837
0.03175		-0.016252	0.083879
0.0318		-0.016273	0.07254
0.03185		-0.01627	0.072399
0.0319		-0.016253	0.071264
0.03195		-0.016273	0.0719
0.032		-0.016307	0.071246
0.03205		-0.016216	0.07176
0.0321		-0.016234	0.071195
0.03215		-0.01633	0.071796
0.0322		-0.016299	0.071177
0.03225		-0.01633	0.071958
0.0323		-0.016315	0.07079
0.03235		-0.016274	0.072557
0.0324		-0.016273	0.061777
0.03245		-0.016262	0.047167
0.0325		-0.016185	0.046249
0.03255		-0.016397	0.044923
0.0326		-0.017154	0.045551
0.03265		-0.017264	0.044892
0.0327		-0.017284	0.0455
0.03275		-0.017271	0.044882
0.0328		-0.017275	0.045417
0.03285		-0.017331	0.0448
0.0329		-0.017294	0.045562
0.03295		-0.017339	0.044515
0.033		-0.017339	0.046401
0.03305		-0.017323	0.038484
0.0331		-0.017245	0.004989
0.03315		-0.017206	-0.003732
0.0332		-0.017112	-0.005107
0.03325		-0.01589	-0.005111
0.0333		-0.015346	-0.005312
0.03335		-0.015339	-0.005178
0.0334		-0.015283	-0.005373
0.03345		-0.015372	-0.005229
0.0335		-0.015335	-0.005449
0.03355		-0.015325	-0.005148
0.0336		-0.015281	-0.005486
0.03365		-0.015347	-0.004812
0.0337		-0.015321	-0.007891
0.03375		-0.015369	-0.02859
0.0338		-0.015244	-0.036099
0.03385		-0.015414	-0.036485
0.0339		-0.013909	-0.037042
0.03395		-0.012283	-0.036721
0.034		-0.012227	-0.037142
0.03405		-0.012148	-0.036655
0.0341		-0.012191	-0.037174
0.03415		-0.012174	-0.036532
0.0342		-0.012183	-0.037348
0.03425		-0.012111	-0.036319
0.0343		-0.012194	-0.037567
0.03435		-0.012208	-0.036828
0.0344		-0.012149	-0.078508
0.03445		-0.012182	-0.105081
0.0345		-0.012093	-0.105379
0.03455		-0.012451	-0.107893
0.0346		-0.013052	-0.106498
0.03465		-0.013067	-0.107789
0.0347		-0.01317	-0.106673
0.03475		-0.013162	-0.107724
0.0348		-0.013173	-0.106628
0.03485		-0.013114	-0.107819
0.0349		-0.013191	-0.106462
0.03495		-0.013203	-0.108206
0.035		-0.013196	-0.105423
0.03505		-0.013128	-0.120407
0.0351		-0.013176	-0.142004
0.03515		-0.013095	-0.143656
0.0352		-0.013003	-0.145301
0.03525		-0.009707	-0.144625
0.0353		-0.007955	-0.145238
0.03535		-0.007994	-0.144675
0.0354		-0.007837	-0.145154
0.03545		-0.007879	-0.144603
0.0355		-0.007761	-0.145076
0.03555		-0.007802	-0.144625
0.0356		-0.007799	-0.145178
0.03565		-0.007873	-0.14425
0.0357		-0.007794	-0.147833
0.03575		-0.007866	-0.160178
0.0358		-0.007772	-0.163043
0.03585		-0.007787	-0.163514
0.0359		-0.005152	-0.163518
0.03595		-0.003714	-0.163615
0.036		-0.003732	-0.163503
0.03605		-0.003589	-0.163566
0.0361		-0.003688	-0.163431
0.03615		-0.003625	-0.163557
0.0362		-0.003652	-0.163353
0.03625		-0.003614	-0.163555
0.0363		-0.003652	-0.163268
0.03635		-0.003611	-0.163511
0.0364		-0.003662	-0.160998
0.03645		-0.003514	-0.159365
0.0365		-0.003706	-0.159047
0.03655		-0.003178	-0.159194
0.0366		-0.002518	-0.158889
0.03665		-0.002505	-0.159213
0.0367		-0.002394	-0.158752
0.03675		-0.002383	-0.159261
0.0368		-0.002406	-0.158497
0.03685		-0.002436	-0.159424
0.0369		-0.00244	-0.15819
0.03695		-0.002453	-0.159934
0.037		-0.002446	-0.157217
0.03705		-0.00247	-0.18976
0.0371		-0.002421	-0.218327
0.03715		-0.002418	-0.218735
0.0372		-0.00244	-0.22158
0.03725		-0.002362	-0.219858
0.0373		-0.002384	-0.221386
0.03735		-0.002405	-0.219961
0.0374		-0.0024	-0.221321
0.03745		-0.002427	-0.2199
0.0375		-0.002425	-0.221337
0.03755		-0.00245	-0.219612
0.0376		-0.002474	-0.221818
0.03765		-0.002477	-0.21813
0.0377		-0.002458	-0.234405
0.03775		-0.002464	-0.270917
0.0378		-0.002385	-0.27643
0.03785		-0.002328	-0.278518
0.0379		-0.000282	-0.277923
0.03795		0.000646	-0.278491
0.038		0.000514	-0.277983
0.03805		0.000717	-0.278379
0.0381		0.00064	-0.277983
0.03815		0.000766	-0.278252
0.0382		0.000684	-0.277951
0.03825		0.000642	-0.278104
0.0383		0.000636	-0.277943
0.03835		0.000766	-0.278091
0.0384		0.000653	-0.278518
0.03845		0.000765	-0.278949
0.0385		0.000591	-0.278815
0.03855		0.001969	-0.278896
0.0386		0.00357	-0.278763
0.03865		0.003541	-0.278781
0.0387		0.003695	-0.278549
0.03875		0.003629	-0.278683
0.0388		0.003707	-0.278564
0.03885		0.003633	-0.278616
0.0389		0.003659	-0.278415
0.03895		0.003579	-0.278564
0.039		0.003656	-0.278513
0.03905		0.003525	-0.284866
0.0391		0.003719	-0.28848
0.03915		0.003519	-0.28861
0.0392		0.004919	-0.288888
0.03925		0.007507	-0.288731
0.0393		0.00775	-0.288764
0.03935		0.007896	-0.288662
0.0394		0.007846	-0.288665
0.03945		0.007888	-0.288636
0.0395		0.007864	-0.288566
0.03955		0.007918	-0.288532
0.0396		0.00787	-0.288377
0.03965		0.007907	-0.288632
0.0397		0.007905	-0.286921
0.03975		0.007902	-0.283641
0.0398		0.00787	-0.283218
0.03985		0.007938	-0.282925
0.0399		0.007853	-0.282988
0.03995		0.007884	-0.282906
0.04		0.007894	-0.282926
0.04005		0.007861	-0.28284
0.0401		0.00784	-0.282754
0.04015		0.007868	-0.282802
0.0402		0.007899	-0.282696
0.04025		0.007913	-0.282726
0.0403		0.007944	-0.282637
0.04035		0.007917	-0.28196
0.0404		0.007877	-0.269878
0.04045		0.007905	-0.264042
0.0405		0.007816	-0.263849
0.04055		0.008326	-0.263359
0.0406		0.008874	-0.263458
0.04065		0.008882	-0.263305
0.0407		0.00892	-0.263322
0.04075		0.008838	-0.263222
0.0408		0.008826	-0.263214
0.04085		0.008862	-0.263159
0.0409		0.008944	-0.263024
0.04095		0.008853	-0.263151
0.041		0.00889	-0.263007
0.04105		0.00889	-0.270317
0.0411		0.008893	-0.27524
0.04115		0.008846	-0.275241
0.0412		0.00927	-0.275687
0.04125		0.009817	-0.275386
0.0413		0.009858	-0.275641
0.04135		0.009908	-0.275281
0.0414		0.009879	-0.275519
0.04145		0.009931	-0.275211
0.0415		0.009906	-0.27538
0.04155		0.009891	-0.275105
0.0416		0.009851	-0.275338
0.04165		0.009935	-0.274997
0.0417		0.009768	-0.276375
0.04175		0.009943	-0.277905
0.0418		0.009695	-0.278161
0.04185		0.010666	-0.278175
0.0419		0.01348	-0.278246
0.04195		0.014046	-0.277925
0.042		0.014215	-0.278215
0.04205		0.014142	-0.27781
0.0421		0.014153	-0.278223
0.04215		0.014112	-0.277568
0.0422		0.014141	-0.278297
0.04225		0.014152	-0.277122
0.0423		0.01412	-0.279084
0.04235		0.014076	-0.269826
0.0424		0.014072	-0.239256
0.04245		0.014093	-0.23275
0.0425		0.014076	-0.231247
0.04255		0.013357	-0.231293
0.0426		0.013047	-0.230924
0.04265		0.012943	-0.231142
0.0427		0.012984	-0.230931
0.04275		0.012993	-0.230961
0.0428		0.012951	-0.230898
0.04285		0.012999	-0.230922
0.0429		0.012973	-0.230906
0.04295		0.013013	-0.230869
0.043		0.012962	-0.23009
0.04305		0.012896	-0.21685
0.0431		0.012955	-0.210314
0.04315		0.01291	-0.210038
0.0432		0.013458	-0.20951
0.04325		0.014078	-0.209764
0.0433		0.014096	-0.209442
0.04335		0.014112	-0.209592
0.0434		0.014057	-0.209451
0.04345		0.014115	-0.209525
0.0435		0.014067	-0.209372
0.04355		0.014094	-0.209388
0.0436		0.014079	-0.209243
0.04365		0.01412	-0.209429
0.0437		0.01407	-0.208492
0.04375		0.014115	-0.207347
0.0438		0.014081	-0.20718
0.04385		0.014127	-0.207084
0.0439		0.01407	-0.207143
0.04395		0.014039	-0.207059
0.044		0.014063	-0.207051
0.04405		0.014142	-0.206969
0.0441		0.01407	-0.206974
0.04415		0.014045	-0.206874
0.0442		0.014103	-0.207048
0.04425		0.014068	-0.206624
0.0443		0.01406	-0.207274
0.04435		0.014059	-0.203151
0.0444		0.014083	-0.197025
0.04445		0.014	-0.196736
0.0445		0.014085	-0.195979
0.04455		0.01482	-0.196417
0.0446		0.01512	-0.195855
0.04465		0.015105	-0.196389
0.0447		0.01509	-0.195866
0.04475		0.01511	-0.196469
0.0448		0.015129	-0.195613
0.04485		0.015092	-0.196507
0.0449		0.015074	-0.195172
0.04495		0.015037	-0.197612
0.045		0.015112	-0.186733
0.04505		0.015088	-0.148582
0.0451		0.015088	-0.139816
0.04515		0.015061	-0.138303
0.0452		0.01443	-0.13827
0.04525		0.014064	-0.137993
0.0453		0.014074	-0.138059
0.04535		0.014037	-0.137982
0.0454		0.013998	-0.137924
0.04545		0.014033	-0.138019
0.0455		0.013997	-0.137838
0.04555		0.014045	-0.138052
0.0456		0.014044	-0.137728
0.04565		0.013987	-0.136363
0.0457		0.013972	-0.098138
0.04575		0.013998	-0.078309
0.0458		0.014037	-0.077991
0.04585		0.014046	-0.07624
0.0459		0.014033	-0.077078
0.04595		0.014066	-0.076288
0.046		0.014038	-0.076978
0.04605		0.01397	-0.076246
0.0461		0.014019	-0.076878
0.04615		0.014019	-0.076251
0.0462		0.014004	-0.07705
0.04625		0.013949	-0.07601
0.0463		0.013942	-0.077551
0.04635		0.013956	-0.068684
0.0464		0.013959	-0.055313
0.04645		0.014046	-0.054295
0.0465		0.013689	-0.053123
0.04655		0.012962	-0.053715
0.0466		0.012807	-0.05319
0.04665		0.012812	-0.053649
0.0467		0.012856	-0.053095
0.04675		0.012803	-0.053714
0.0468		0.012814	-0.052929
0.04685		0.012848	-0.05384
0.0469		0.012799	-0.052602
0.04695		0.012836	-0.054657
0.047		0.012733	-0.045244
0.04705		0.012834	-0.02014
0.0471		0.012766	-0.015782
0.04715		0.012837	-0.014355
0.0472		0.01097	-0.014645
0.04725		0.009738	-0.014278
0.0473		0.009784	-0.014534
0.04735		0.009706	-0.014296
0.0474		0.009688	-0.014527
0.04745		0.0096	-0.014255
0.0475		0.009687	-0.014507
0.04755		0.009694	-0.014253
0.0476		0.00969	-0.014662
0.04765		0.009621	-0.0123
0.0477		0.009589	0.014559
0.04775		0.009642	0.026707
0.0478		0.009661	0.026766
0.04785		0.00988	0.028076
0.0479		0.010531	0.027199
0.04795		0.010653	0.028104
0.048		0.01067	0.027151
0.04805		0.010736	0.028286
0.0481		0.010645	0.026912
0.04815		0.010601	0.028549
0.0482		0.010646	0.026491
0.04825		0.010667	0.029296
0.0483		0.01062	0.024897
0.04835		0.010683	0.064014
0.0484		0.01063	0.102589
0.04845		0.010718	0.103831
0.0485		0.009988	0.107247
0.04855		0.008796	0.105453
0.0486		0.008657	0.107065
0.04865		0.008542	0.105757
0.0487		0.008571	0.106779
0.04875		0.00849	0.105837
0.0488		0.008581	0.106725
0.04885		0.008601	0.10577
0.0489		0.008538	0.106832
0.04895		0.00859	0.105398
0.049		0.008539	0.110872
0.04905		0.008552	0.121926
0.0491		0.008527	0.123527
0.04915		0.008661	0.124152
0.0492		0.009367	0.123914
0.04925		0.009591	0.124118
0.0493		0.009563	0.123878
0.04935		0.009584	0.124151
0.0494		0.009562	0.123819
0.04945		0.009659	0.124208
0.0495		0.009577	0.123672
0.04955		0.009574	0.124374
0.0496		0.009546	0.12308
0.04965		0.009552	0.128666
0.0497		0.009559	0.148679
0.04975		0.009562	0.153322
0.0498		0.009504	0.154157
0.04985		0.009616	0.154128
0.0499		0.00957	0.154209
0.04995		0.009603	0.154068
0.05		0.009536	0.154094
0.05005		0.009584	0.154139
0.0501		0.009532	0.154054
0.05015		0.009531	0.154174
0.0502		0.009525	0.153969
0.05025		0.009557	0.154094
0.0503		0.009477	0.15486
0.05035		0.009621	0.174582
0.0504		0.009426	0.184845
0.05045		0.009703	0.185019
0.0505		0.007535	0.185954
0.05055		0.004642	0.185367
0.0506		0.00448	0.185903
0.05065		0.00429	0.185344
0.0507		0.004362	0.185844
0.05075		0.00424	0.185326
0.0508		0.004299	0.185895
0.05085		0.004306	0.185129
0.0509		0.004277	0.186047
0.05095		0.004244	0.184484
0.051		0.004309	0.197504
0.05105		0.00427	0.21112
0.0511		0.004338	0.211535
0.05115		0.00428	0.212832
0.0512		0.00427	0.212101
0.05125		0.004233	0.212769
0.0513		0.004335	0.21204
0.05135		0.004298	0.212713
0.0514		0.004284	0.211919
0.05145		0.00421	0.212817
0.0515		0.004292	0.211752
0.05155		0.004242	0.213107
0.0516		0.004294	0.210623
0.05165		0.004244	0.22155
0.0517		0.004325	0.248448
0.05175		0.00425	0.252765
0.0518		0.004281	0.254296
0.05185		0.001338	0.253841
0.0519		-0.000561	0.254259
0.05195		-0.000588	0.253803
0.052		-0.000795	0.254015
0.05205		-0.000636	0.253789
0.0521		-0.000735	0.254044
0.05215		-0.00065	0.253712
0.0522		-0.000761	0.253937
0.05225		-0.000672	0.253704
0.0523		-0.000784	0.253818
0.05235		-0.000668	0.251836
0.0524		-0.000787	0.25089
0.05245		-0.000573	0.250578
0.0525		-0.001821	0.250695
0.05255		-0.003734	0.250454
0.0526		-0.00387	0.250696
0.05265		-0.004044	0.250433
0.0527		-0.003961	0.250735
0.05275		-0.004022	0.250175
0.0528		-0.00404	0.250626
0.05285		-0.004037	0.249909
0.0529		-0.004009	0.250842
0.05295		-0.004046	0.249716
0.053		-0.003981	0.273067
0.05305		-0.003991	0.289618
0.0531		-0.003899	0.28995
0.05315		-0.00427	0.291349
0.0532		-0.004917	0.29058
0.05325		-0.005024	0.291196
0.0533		-0.005042	0.29072
0.05335		-0.004997	0.290969
0.0534		-0.00499	0.290778
0.05345		-0.004987	0.290845
0.0535		-0.004989	0.29073
0.05355		-0.005045	0.290575
0.0536		-0.005018	0.290954
0.05365		-0.004954	0.288392
0.0537		-0.004941	0.279927
0.05375		-0.004974	0.278419
0.0538		-0.005018	0.277857
0.05385		-0.006284	0.277903
0.0539		-0.006966	0.27771
0.05395		-0.007042	0.277854
0.054		-0.007097	0.277714
0.05405		-0.007019	0.277705
0.0541		-0.007116	0.277558
0.05415		-0.007048	0.277603
0.0542		-0.007112	0.277462
0.05425		-0.007035	0.277499
0.0543		-0.007112	0.277311
0.05435		-0.007086	0.276609
0.0544		-0.007112	0.276342
0.05445		-0.007041	0.276294
0.0545		-0.008624	0.276249
0.05455		-0.010136	0.276273
0.0546		-0.010231	0.27622
0.05465		-0.0103	0.276199
0.0547		-0.010275	0.276028
0.05475		-0.010286	0.276149
0.0548		-0.01025	0.275939
0.05485		-0.010271	0.275981
0.0549		-0.010276	0.275822
0.05495		-0.010289	0.275906
0.055		-0.01025	0.271567
0.05505		-0.010242	0.268703
0.0551		-0.010308	0.268477
0.05515		-0.009894	0.26838
0.0552		-0.009322	0.268378
0.05525		-0.009207	0.268292
0.0553		-0.009175	0.268303
0.05535		-0.009217	0.268267
0.0554		-0.009207	0.268162
0.05545		-0.0092	0.268173
0.0555		-0.009167	0.268011
0.05555		-0.009148	0.268174
0.0556		-0.00916	0.267761
0.05565		-0.009129	0.270572
0.0557		-0.009221	0.273855
0.05575		-0.009101	0.273937
0.0558		-0.009336	0.274196
0.05585		-0.010801	0.274003
0.0559		-0.011143	0.274087
0.05595		-0.011204	0.273926
0.056		-0.011243	0.274022
0.05605		-0.011232	0.273946
0.0561		-0.011272	0.273874
0.05615		-0.011228	0.273852
0.0562		-0.011203	0.2737
0.05625		-0.011218	0.273844
0.0563		-0.011221	0.273234
0.05635		-0.011244	0.271132
0.0564		-0.011193	0.270658
0.05645		-0.011603	0.270585
0.0565		-0.014432	0.270462
0.05655		-0.015365	0.270447
0.0566		-0.01539	0.270346
0.05665		-0.015494	0.270341
0.0567		-0.015546	0.270166
0.05675		-0.015513	0.270272
0.0568		-0.015545	0.270052
0.05685		-0.015499	0.270256
0.0569		-0.015497	0.270032
0.05695		-0.015515	0.269313
0.057		-0.015494	0.247534
0.05705		-0.015465	0.236213
0.0571		-0.015552	0.235833
0.05715		-0.014987	0.234868
0.0572		-0.014427	0.235322
0.05725		-0.014477	0.234842
0.0573		-0.014484	0.235115
0.05735		-0.014512	0.234757
0.0574		-0.014469	0.235041
0.05745		-0.014486	0.234695
0.0575		-0.014459	0.234951
0.05755		-0.014463	0.234658
0.0576		-0.014486	0.234979
0.05765		-0.014403	0.230587
0.0577		-0.014484	0.226616
0.05775		-0.01437	0.226577
0.0578		-0.014944	0.226063
0.05785		-0.016928	0.226327
0.0579		-0.017332	0.225978
0.05795		-0.017402	0.226249
0.058		-0.01735	0.225854
0.05805		-0.017364	0.226324
0.0581		-0.017363	0.225653
0.05815		-0.017386	0.226393
0.0582		-0.017415	0.225192
0.05825		-0.017342	0.227229
0.0583		-0.017393	0.217233
0.05835		-0.017371	0.194636
0.0584		-0.017404	0.191429
0.05845		-0.017364	0.189899
0.0585		-0.017283	0.190471
0.05855		-0.017265	0.189805
0.0586		-0.017309	0.190213
0.05865		-0.017365	0.189698
0.0587		-0.017382	0.190212
0.05875		-0.017306	0.189594
0.0588		-0.017356	0.190169
0.05885		-0.017375	0.189328
0.0589		-0.017371	0.190722
0.05895		-0.017361	0.184676
0.059		-0.017378	0.159638
0.05905		-0.017319	0.152844
0.0591		-0.017343	0.152032
0.05915		-0.016769	0.151758
0.0592		-0.016318	0.151862
0.05925		-0.016373	0.151633
0.0593		-0.016349	0.151818
0.05935		-0.016312	0.151413
0.0594		-0.01626	0.151761
0.05945		-0.016236	0.151219
0.0595		-0.016258	0.151898
0.05955		-0.016253	0.151047
0.0596		-0.016203	0.151539
0.05965		-0.016299	0.121238
0.0597		-0.016249	0.10165
0.05975		-0.016348	0.101373
0.0598		-0.015926	0.099528
0.05985		-0.015399	0.100522
0.0599		-0.015371	0.099489
0.05995		-0.015342	0.100333
0.06		-0.015376	0.099563
0.06005		-0.015332	0.100317
0.0601		-0.015338	0.099417
0.06015		-0.015328	0.1004
0.0602		-0.015338	0.099141
0.06025		-0.015312	0.101037
0.0603		-0.015362	0.085322
0.06035		-0.01535	0.069953
0.0604		-0.015366	0.069316
0.06045		-0.015312	0.067986
0.0605		-0.015335	0.068654
0.06055		-0.015329	0.068039
0.0606		-0.015258	0.06847
0.06065		-0.015283	0.068089
0.0607		-0.015244	0.068462
0.06075		-0.015297	0.068004
0.0608		-0.015276	0.068464
0.06085		-0.015265	0.067927
0.0609		-0.015331	0.06882
0.06095		-0.015279	0.064737
0.061		-0.015325	0.046747
0.06105		-0.015305	0.041862
0.0611		-0.015301	0.041133
0.06115		-0.015275	0.041028
0.0612		-0.01529	0.040906
0.06125		-0.01528	0.041079
0.0613		-0.015284	0.040875
0.06135		-0.015321	0.041063
0.0614		-0.015301	0.04082
0.06145		-0.015294	0.041141
0.0615		-0.015287	0.040531
0.06155		-0.015329	0.041755
0.0616		-0.015264	0.03562
0.06165		-0.015254	-0.002739
0.0617		-0.015198	-0.015421
0.06175		-0.015317	-0.016548
0.0618		-0.015018	-0.017214
0.06185		-0.014337	-0.016992
0.0619		-0.014297	-0.01725
0.06195		-0.014244	-0.017038
0.062		-0.014189	-0.017231
0.06205		-0.014235	-0.017068
0.0621		-0.014271	-0.017283
0.06215		-0.014223	-0.01706
0.0622		-0.014225	-0.017431
0.06225		-0.014194	-0.016789
0.0623		-0.014227	-0.024615
0.06235		-0.014194	-0.032294
0.0624		-0.014292	-0.032116
0.06245		-0.013938	-0.033109
0.0625		-0.013266	-0.032281
0.06255		-0.013163	-0.033295
0.0626		-0.013185	-0.0323
0.06265		-0.013154	-0.033358
0.0627		-0.013133	-0.032038
0.06275		-0.013092	-0.033734
0.0628		-0.013066	-0.031538
0.06285		-0.013072	-0.034565
0.0629		-0.013088	-0.029642
0.06295		-0.013133	-0.06627
0.063		-0.013073	-0.108075
0.06305		-0.013163	-0.109812
0.0631		-0.012863	-0.11358
0.06315		-0.011444	-0.111708
0.0632		-0.011008	-0.113433
0.06325		-0.010922	-0.112024
0.0633		-0.010923	-0.113253
0.06335		-0.010955	-0.112063
0.0634		-0.010862	-0.113115
0.06345		-0.010885	-0.111954
0.0635		-0.010897	-0.113345
0.06355		-0.01094	-0.11126
0.0636		-0.010884	-0.119207
0.06365		-0.010948	-0.142288
0.0637		-0.010832	-0.147172
0.06375		-0.011066	-0.148124
0.0638		-0.009655	-0.148124
0.06385		-0.008025	-0.148247
0.0639		-0.007918	-0.148148
0.06395		-0.007773	-0.148177
0.064		-0.007818	-0.148184
0.06405		-0.007696	-0.148135
0.0641		-0.007848	-0.148227
0.06415		-0.007658	-0.148124
0.0642		-0.007836	-0.148011
0.06425		-0.007717	-0.149218
0.0643		-0.007831	-0.167284
0.06435		-0.007714	-0.175538
0.0644		-0.007987	-0.175854
0.06445		-0.006277	-0.176423
0.0645		-0.003908	-0.176205
0.06455		-0.003711	-0.176319
0.0646		-0.003485	-0.176214
0.06465		-0.003616	-0.176236
0.0647		-0.003527	-0.176203
0.06475		-0.003579	-0.176086
0.0648		-0.003516	-0.176227
0.06485		-0.003555	-0.175997
0.0649		-0.003456	-0.176345
0.06495		-0.003571	-0.173236
0.065		-0.003508	-0.170204
0.06505		-0.003684	-0.169938
0.0651		-0.003112	-0.169795
0.06515		-0.00173	-0.169647
0.0652		-0.001452	-0.169806
0.06525		-0.001402	-0.169525
0.0653		-0.001378	-0.169811
0.06535		-0.001335	-0.169318
0.0654		-0.00139	-0.16998
0.06545		-0.001387	-0.16902
0.0655		-0.001389	-0.17038
0.06555		-0.001349	-0.167839
0.0656		-0.00136	-0.179393
0.06565		-0.00137	-0.21071
0.0657		-0.001293	-0.21603
0.06575		-0.001359	-0.217801
0.0658		-0.000155	-0.217293
0.06585		0.000699	-0.217866
0.0659		0.000692	-0.217408
0.06595		0.000733	-0.217726
0.066		0.000699	-0.217283
0.06605		0.000729	-0.217707
0.0661		0.000749	-0.217215
0.06615		0.000772	-0.217793
0.0662		0.000705	-0.216675
0.06625		0.000722	-0.221996
0.0663		0.000701	-0.25661
0.06635		0.000794	-0.268489
0.0664		0.000698	-0.26935
0.06645		0.001751	-0.269936
0.0665		0.002496	-0.269712
0.06655		0.002606	-0.26986
0.0666		0.002701	-0.269731
0.06665		0.002635	-0.269789
0.0667		0.002677	-0.269646
0.06675		0.002594	-0.269779
0.0668		0.002584	-0.269609
0.06685		0.002617	-0.269638
0.0669		0.002677	-0.269508
0.06695		0.002592	-0.271268
0.067		0.002698	-0.272555
0.06705		0.002558	-0.272505
0.0671		0.003207	-0.272603
0.06715		0.00451	-0.27241
0.0672		0.004658	-0.272454
0.06725		0.004746	-0.272355
0.0673		0.004701	-0.272477
0.06735		0.00472	-0.272162
0.0674		0.004709	-0.272394
0.06745		0.00468	-0.272074
0.0675		0.004698	-0.272443
0.06755		0.004715	-0.271621
0.0676		0.004723	-0.275939
0.06765		0.004731	-0.282745
0.0677		0.004723	-0.283303
0.06775		0.00469	-0.28378
0.0678		0.007428	-0.283524
0.06785		0.008899	-0.283631
0.0679		0.008905	-0.28348
0.06795		0.00899	-0.283568
0.068		0.008904	-0.283436
0.06805		0.008958	-0.283458
0.0681		0.008918	-0.283402
0.06815		0.008901	-0.28342
0.0682		0.008926	-0.283257
0.06825		0.008942	-0.283229
0.0683		0.009059	-0.283224
0.06835		0.00883	-0.283224
0.0684		0.009101	-0.283172
0.06845		0.006848	-0.283058
0.0685		0.004894	-0.283046
0.06855		0.004854	-0.282929
0.0686		0.004639	-0.283054
0.06865		0.004709	-0.282876
0.0687		0.004664	-0.283018
0.06875		0.004669	-0.282778
0.0688		0.004727	-0.28295
0.06885		0.004647	-0.282525
0.0689		0.004683	-0.282791
0.06895		0.004636	-0.274018
0.069		0.004736	-0.268255
0.06905		0.004543	-0.268133
0.0691		0.005821	-0.267678
0.06915		0.007687	-0.267757
0.0692		0.007799	-0.267559
0.06925		0.00798	-0.267601
0.0693		0.007903	-0.26758
0.06935		0.007983	-0.267501
0.0694		0.00791	-0.267567
0.06945		0.007944	-0.267345
0.0695		0.007888	-0.267559
0.06955		0.007916	-0.267044
0.0696		0.007938	-0.269682
0.06965		0.007924	-0.274859
0.0697		0.007833	-0.275386
0.06975		0.008258	-0.275766
0.0698		0.010889	-0.275562
0.06985		0.011898	-0.27563
0.0699		0.011936	-0.275467
0.06995		0.012008	-0.275502
0.07		0.012026	-0.275458
0.07005		0.012027	-0.275469
0.0701		0.012038	-0.27541
0.07015		0.012034	-0.275271
0.0702		0.012013	-0.275454
0.07025		0.012011	-0.274191
0.0703		0.012027	-0.271486
0.07035		0.011949	-0.2711
0.0704		0.012004	-0.270827
0.07045		0.012021	-0.270895
0.0705		0.01202	-0.270746
0.07055		0.012063	-0.270851
0.0706		0.01202	-0.270642
0.07065		0.012015	-0.270827
0.0707		0.01202	-0.270583
0.07075		0.012052	-0.270698
0.0708		0.012082	-0.270372
0.07085		0.012013	-0.27092
0.0709		0.012079	-0.268066
0.07095		0.011876	-0.249361
0.071		0.012041	-0.242749
0.07105		0.011875	-0.242256
0.0711		0.013486	-0.241802
0.07115		0.015059	-0.242064
0.0712		0.01508	-0.241654
0.07125		0.015247	-0.241913
0.0713		0.015143	-0.241567
0.07135		0.015255	-0.241986
0.0714		0.015201	-0.241356
0.07145		0.015198	-0.241995
0.0715		0.015207	-0.241133
0.07155		0.015201	-0.242027
0.0716		0.015118	-0.222778
0.07165		0.015242	-0.208896
0.0717		0.015161	-0.208571
0.07175		0.015239	-0.207384
0.0718		0.015206	-0.20788
0.07185		0.015202	-0.207383
0.0719		0.015202	-0.207681
0.07195		0.015202	-0.207343
0.072		0.01512	-0.20752
0.07205		0.015162	-0.207358
0.0721		0.015162	-0.207429
0.07215		0.015214	-0.207344
0.0722		0.015205	-0.207315
0.07225		0.015175	-0.207821
0.0723		0.015166	-0.209188
0.07235		0.015177	-0.209296
0.0724		0.015122	-0.209332
0.07245		0.014405	-0.209303
0.0725		0.014175	-0.209289
0.07255		0.01414	-0.209279
0.0726		0.014127	-0.209128
0.07265		0.014131	-0.209263
0.0727		0.014118	-0.20904
0.07275		0.01412	-0.209306
0.0728		0.014118	-0.20878
0.07285		0.014124	-0.20964
0.0729		0.014116	-0.20579
0.07295		0.014092	-0.191867
0.073		0.014134	-0.188615
0.07305		0.014167	-0.188088
0.0731		0.014782	-0.188019
0.07315		0.015129	-0.187968
0.0732		0.015147	-0.187816
0.07325		0.015109	-0.187795
0.0733		0.015066	-0.187747
0.07335		0.015107	-0.187849
0.0734		0.015135	-0.187588
0.07345		0.015154	-0.187887
0.0735		0.015116	-0.187476
0.07355		0.015083	-0.187132
0.0736		0.015164	-0.160341
0.07365		0.015048	-0.144598
0.0737		0.015147	-0.144548
0.07375		0.014722	-0.142855
0.0738		0.01412	-0.143919
0.07385		0.014096	-0.142803
0.0739		0.014076	-0.143886
0.07395		0.014056	-0.142716
0.074		0.013967	-0.144015
0.07405		0.013989	-0.142433
0.0741		0.01402	-0.144313
0.07415		0.014027	-0.141697
0.0742		0.014018	-0.145819
0.07425		0.014013	-0.116206
0.0743		0.014056	-0.081768
0.07435		0.014007	-0.08001
0.0744		0.014266	-0.077177
0.07445		0.014888	-0.078513
0.0745		0.015057	-0.077294
0.07455		0.015031	-0.078229
0.0746		0.015017	-0.077307
0.07465		0.01504	-0.07807
0.0747		0.015025	-0.077318
0.07475		0.01505	-0.078018
0.0748		0.014994	-0.077241
0.07485		0.015059	-0.078434
0.0749		0.015014	-0.073949
0.07495		0.01502	-0.06253
0.075		0.015062	-0.060338
0.07505		0.015006	-0.059789
0.0751		0.014422	-0.059837
0.07515		0.01403	-0.059689
0.0752		0.014045	-0.059891
0.07525		0.013998	-0.059645
0.0753		0.01403	-0.059892
0.07535		0.013981	-0.059617
0.0754		0.01407	-0.059937
0.07545		0.014007	-0.059359
0.0755		0.014028	-0.060347
0.07555		0.013965	-0.055963
0.0756		0.013989	-0.030974
0.07565		0.013837	-0.022853
0.0757		0.01407	-0.022324
0.07575		0.012616	-0.021718
0.0758		0.010843	-0.021989
0.07585		0.010767	-0.021655
0.0759		0.010652	-0.022103
0.07595		0.010679	-0.021596
0.076		0.010653	-0.022117
0.07605		0.010689	-0.021357
0.0761		0.010733	-0.022287
0.07615		0.010744	-0.021109
0.0762		0.010748	-0.022296
0.07625		0.010727	0.01141
0.0763		0.010603	0.035242
0.07635		0.010657	0.035371
0.0764		0.010984	0.037786
0.07645		0.01162	0.036352
0.0765		0.011775	0.037682
0.07655		0.01185	0.036507
0.0766		0.011794	0.037737
0.07665		0.011786	0.036406
0.0767		0.01179	0.037816
0.07675		0.011766	0.036059
0.0768		0.011709	0.038448
0.07685		0.011756	0.034595
0.0769		0.011766	0.054979
0.07695		0.011746	0.08688
0.077		0.011794	0.089655
0.07705		0.011416	0.092015
0.0771		0.009391	0.090919
0.07715		0.008764	0.091965
0.0772		0.008644	0.091082
0.07725		0.008605	0.091852
0.0773		0.008616	0.091109
0.07735		0.00862	0.091782
0.0774		0.008565	0.091069
0.07745		0.008609	0.091956
0.0775		0.008672	0.090531
0.07755		0.008618	0.095944
0.0776		0.008579	0.117318
0.07765		0.008616	0.123188
0.0777		0.008638	0.123694
0.07775		0.00985	0.124049
0.0778		0.010597	0.123713
0.07785		0.010655	0.1241
0.0779		0.010615	0.123679
0.07795		0.01063	0.124177
0.078		0.010644	0.123528
0.07805		0.010579	0.124355
0.0781		0.010655	0.123208
0.07815		0.010645	0.124673
0.0782		0.010553	0.122448
0.07825		0.010645	0.147898
0.0783		0.010604	0.170162
0.07835		0.010784	0.170698
0.0784		0.010097	0.172705
0.07845		0.008782	0.171724
0.0785		0.008676	0.172551
0.07855		0.00857	0.171775
0.0786		0.008596	0.172398
0.07865		0.008557	0.171847
0.0787		0.008638	0.172239
0.07875		0.008549	0.171779
0.0788		0.008613	0.172206
0.07885		0.008576	0.171633
0.0789		0.008616	0.176711
0.07895		0.008485	0.181032
0.079		0.008719	0.181115
0.07905		0.007574	0.181507
0.0791		0.004839	0.181216
0.07915		0.004457	0.181497
0.0792		0.004314	0.181127
0.07925		0.004377	0.181567
0.0793		0.004285	0.180979
0.07935		0.004239	0.181563
0.0794		0.00422	0.18071
0.07945		0.004318	0.181918
0.0795		0.004266	0.179638
0.07955		0.004284	0.189293
0.0796		0.004313	0.219458
0.07965		0.004312	0.225605
0.0797		0.004338	0.227007
0.07975		0.005188	0.226745
0.0798		0.005453	0.227136
0.07985		0.005515	0.226793
0.0799		0.005437	0.227039
0.07995		0.005448	0.22688
0.08		0.005358	0.227037
0.08005		0.005518	0.226789
0.0801		0.005414	0.226954
0.08015		0.005499	0.226641
0.0802		0.005322	0.227664
0.08025		0.005511	0.234459
0.0803		0.005275	0.236957
0.08035		0.005697	0.237033
0.0804		0.002259	0.237205
0.08045		-0.001409	0.23703
0.0805		-0.001572	0.237187
0.08055		-0.001886	0.237001
0.0806		-0.001675	0.23715
0.08065		-0.001907	0.236826
0.0807		-0.001734	0.237071
0.08075		-0.001832	0.23673
0.0808		-0.001792	0.23719
0.08085		-0.00189	0.236295
0.0809		-0.001775	0.242921
0.08095		-0.001881	0.251659
0.081		-0.001633	0.251826
0.08105		-0.002377	0.252802
0.0811		-0.003765	0.252078
0.08115		-0.003876	0.252827
0.0812		-0.004013	0.25203
0.08125		-0.003928	0.252775
0.0813		-0.003929	0.251782
0.08135		-0.003973	0.252888
0.0814		-0.003965	0.251435
0.08145		-0.003976	0.253344
0.0815		-0.004009	0.24994
0.08155		-0.003936	0.270514
0.0816		-0.004021	0.297978
0.08165		-0.003947	0.299868
0.0817		-0.004066	0.301966
0.08175		-0.004804	0.300926
0.0818		-0.004954	0.301807
0.08185		-0.004972	0.301063
0.0819		-0.004974	0.301583
0.08195		-0.005002	0.301081
0.082		-0.004991	0.301542
0.08205		-0.004996	0.301132
0.0821		-0.005009	0.301246
0.08215		-0.004983	0.301249
0.0822		-0.005089	0.299331
0.08225		-0.005076	0.279325
0.0823		-0.005037	0.271444
0.08235		-0.005037	0.270938
0.0824		-0.005551	0.270455
0.08245		-0.005991	0.270465
0.0825		-0.005968	0.270389
0.08255		-0.006036	0.270351
0.0826		-0.005985	0.270195
0.08265		-0.006037	0.270265
0.0827		-0.005963	0.270239
0.08275		-0.006035	0.270244
0.0828		-0.00601	0.270095
0.08285		-0.006087	0.269967
0.0829		-0.005984	0.26783
0.08295		-0.006153	0.266844
0.083		-0.005903	0.266741
0.08305		-0.007011	0.266739
0.0831		-0.009625	0.266714
0.08315		-0.010079	0.266626
0.0832		-0.010271	0.2666
0.08325		-0.010191	0.266495
0.0833		-0.010291	0.266492
0.08335		-0.010261	0.266465
0.0834		-0.010242	0.266359
0.08345		-0.010153	0.266389
0.0835		-0.010242	0.266173
0.08355		-0.01026	0.266992
0.0836		-0.010264	0.268248
0.08365		-0.010227	0.268232
0.0837		-0.010238	0.268333
0.08375		-0.010234	0.268228
0.0838		-0.010182	0.268222
0.08385		-0.010197	0.268114
0.0839		-0.010248	0.268212
0.08395		-0.0102	0.268042
0.084		-0.010154	0.268184
0.08405		-0.010171	0.267878
0.0841		-0.010217	0.268255
0.08415		-0.010254	0.267526
0.0842		-0.010221	0.27049
0.08425		-0.010201	0.277016
0.0843		-0.010228	0.277921
0.08435		-0.010253	0.278287
0.0844		-0.010884	0.278136
0.08445		-0.011199	0.278276
0.0845		-0.011204	0.27811
0.08455		-0.011277	0.278101
0.0846		-0.011189	0.278005
0.08465		-0.0112	0.278003
0.0847		-0.011192	0.277942
0.08475		-0.011202	0.277899
0.0848		-0.011166	0.277902
0.08485		-0.011225	0.27745
0.0849		-0.011156	0.271423
0.08495		-0.011199	0.268606
0.085		-0.011108	0.26854
0.08505		-0.012327	0.268204
0.0851		-0.013328	0.268447
0.08515		-0.013349	0.268123
0.0852		-0.013373	0.268337
0.08525		-0.013379	0.267951
0.0853		-0.01339	0.268328
0.08535		-0.013357	0.267807
0.0854		-0.013349	0.268387
0.08545		-0.013355	0.267504
0.0855		-0.01337	0.268345
0.08555		-0.013421	0.247072
0.0856		-0.01341	0.232252
0.08565		-0.013429	0.231898
0.0857		-0.013067	0.230467
0.08575		-0.012464	0.231169
0.0858		-0.012372	0.230517
0.08585		-0.012338	0.230988
0.0859		-0.012372	0.230515
0.08595		-0.012298	0.230844
0.086		-0.012355	0.230478
0.08605		-0.012346	0.230798
0.0861		-0.012352	0.230355
0.08615		-0.012327	0.230918
0.0862		-0.012386	0.228286
0.08625		-0.012382	0.22384
0.0863		-0.01229	0.223304
0.08635		-0.012601	0.223003
0.0864		-0.015268	0.223132
0.08645		-0.016264	0.222948
0.0865		-0.016292	0.222971
0.08655		-0.016412	0.222798
0.0866		-0.016285	0.222893
0.08665		-0.016304	0.222665
0.0867		-0.016304	0.222871
0.08675		-0.016408	0.222541
0.0868		-0.016278	0.223071
0.08685		-0.016356	0.219965
0.0869		-0.016389	0.199932
0.08695		-0.016315	0.193055
0.087		-0.016334	0.192508
0.08705		-0.017002	0.192037
0.0871		-0.017299	0.192179
0.08715		-0.017295	0.191972
0.0872		-0.017383	0.192167
0.08725		-0.017405	0.191919
0.0873		-0.017383	0.192097
0.08735		-0.01735	0.191708
0.0874		-0.017391	0.192116
0.08745		-0.017317	0.191694
0.0875		-0.017294	0.191269
0.08755		-0.017335	0.16559
0.0876		-0.017264	0.150801
0.08765		-0.017441	0.150685
0.0877		-0.016559	0.149156
0.08775		-0.015487	0.149977
0.0878		-0.015409	0.149038
0.08785		-0.015387	0.149936
0.0879		-0.015369	0.148945
0.08795		-0.015434	0.149933
0.088		-0.015441	0.148753
0.08805		-0.015395	0.150214
0.0881		-0.015462	0.148094
0.08815		-0.015409	0.15137
0.0882		-0.01536	0.130431
0.08825		-0.015438	0.103339
0.0883		-0.01532	0.101684
0.08835		-0.015682	0.099399
0.0884		-0.016968	0.100566
0.08845		-0.017228	0.099521
0.0885		-0.01729	0.100319
0.08855		-0.017246	0.099573
0.0886		-0.017304	0.10023
0.08865		-0.017249	0.099443
0.0887		-0.017368	0.100237
0.08875		-0.017316	0.099267
0.0888		-0.017324	0.100869
0.08885		-0.017293	0.094381
0.0889		-0.01725	0.072387
0.08895		-0.017219	0.067187
0.089		-0.017225	0.066278
0.08905		-0.014681	0.066279
0.0891		-0.013414	0.066067
0.08915		-0.013343	0.066079
0.0892		-0.013224	0.065997
0.08925		-0.01325	0.066163
0.0893		-0.013225	0.066022
0.08935		-0.01327	0.066098
0.0894		-0.013301	0.066
0.08945		-0.013211	0.06629
0.0895		-0.013189	0.064422
0.08955		-0.013161	0.045522
0.0896		-0.013302	0.037453
0.08965		-0.013129	0.03726
0.0897		-0.01396	0.036363
0.08975		-0.015173	0.036888
0.0898		-0.015255	0.036393
0.08985		-0.015395	0.036965
0.0899		-0.015334	0.036288
0.08995		-0.015321	0.037101
0.09		-0.015294	0.036115
0.09005		-0.015314	0.037245
0.0901		-0.015295	0.035741
0.09015		-0.015235	0.037476
0.0902		-0.015294	0.002709
0.09025		-0.015277	-0.022265
0.0903		-0.015366	-0.022731
0.09035		-0.014795	-0.024934
0.0904		-0.013488	-0.023892
0.09045		-0.013281	-0.024819
0.0905		-0.01315	-0.024122
0.09055		-0.013174	-0.024727
0.0906		-0.013163	-0.024194
0.09065		-0.013185	-0.024641
0.0907		-0.01315	-0.02412
0.09075		-0.013199	-0.02465
0.0908		-0.013192	-0.024133
0.09085		-0.013179	-0.026358
0.0909		-0.013139	-0.031048
0.09095		-0.013126	-0.031464
0.091		-0.013294	-0.032103
0.09105		-0.01399	-0.031516
0.0911		-0.014137	-0.032119
0.09115		-0.014186	-0.031402
0.0912		-0.014166	-0.032245
0.09125		-0.014214	-0.031227
0.0913		-0.014159	-0.03248
0.09135		-0.014197	-0.030858
0.0914		-0.014225	-0.033264
0.09145		-0.01417	-0.028936
0.0915		-0.014175	-0.048898
0.09155		-0.014208	-0.103469
0.0916		-0.014092	-0.113103
0.09165		-0.014225	-0.116035
0.0917		-0.012318	-0.11533
0.09175		-0.01097	-0.116206
0.0918		-0.01097	-0.115562
0.09185		-0.010912	-0.116088
0.0919		-0.010962	-0.115687
0.09195		-0.010866	-0.115999
0.092		-0.010949	-0.115714
0.09205		-0.010862	-0.115876
0.0921		-0.010926	-0.11562
0.09215		-0.010867	-0.117149
0.0922		-0.01097	-0.138958
0.09225		-0.010784	-0.149478
0.0923		-0.010893	-0.149632
0.09235		-0.010049	-0.150685
0.0924		-0.008881	-0.150038
0.09245		-0.008904	-0.150675
0.0925		-0.008757	-0.149937
0.09255		-0.008857	-0.150634
0.0926		-0.008742	-0.14998
0.09265		-0.008814	-0.150667
0.0927		-0.008772	-0.149674
0.09275		-0.008867	-0.151001
0.0928		-0.008804	-0.148705
0.09285		-0.00892	-0.159208
0.0929		-0.008719	-0.180776
0.09295		-0.00899	-0.18359
0.093		-0.007493	-0.184916
0.09305		-0.004216	-0.184546
0.0931		-0.003717	-0.184975
0.09315		-0.003471	-0.184597
0.0932		-0.003615	-0.184798
0.09325		-0.003529	-0.184728
0.0933		-0.003529	-0.184776
0.09335		-0.003558	-0.184702
0.0934		-0.003542	-0.18456
0.09345		-0.003575	-0.184735
0.0935		-0.003563	-0.18336
0.09355		-0.00352	-0.179882
0.0936		-0.003514	-0.17943
0.09365		-0.003335	-0.179123
0.0937		-0.000589	-0.179221
0.09375		0.00065	-0.179034
0.0938		0.00071	-0.179094
0.09385		0.000738	-0.179003
0.0939		0.000701	-0.179146
0.09395		0.000806	-0.178986
0.094		0.00071	-0.179001
0.09405		0.000758	-0.178923
0.0941		0.000707	-0.17872
0.09415		0.00074	-0.180888
0.0942		0.000731	-0.206485
0.09425		0.000779	-0.217658
0.0943		0.000713	-0.218013
0.09435		0.000747	-0.218943
0.0944		0.000773	-0.218398
0.09445		0.000751	-0.218901
0.0945		0.000768	-0.218413
0.09455		0.000731	-0.218901
0.0946		0.000768	-0.218266
0.09465		0.000727	-0.218878
0.0947		0.000739	-0.217941
0.09475		0.000779	-0.219067
0.0948		0.00072	-0.217806
0.09485		0.000772	-0.239829
0.0949		0.000718	-0.255963
0.09495		0.000738	-0.256287
0.095		0.000458	-0.257778
0.09505		-0.000151	-0.256856
0.0951		-0.000299	-0.257582
0.09515		-0.000297	-0.256941
0.0952		-0.000292	-0.257475
0.09525		-0.000266	-0.256976
0.0953		-0.000281	-0.25741
0.09535		-0.000251	-0.256734
0.0954		-0.000295	-0.257443
0.09545		-0.00027	-0.256413
0.0955		-0.000376	-0.264289
0.09555		-0.000263	-0.271854
0.0956		-0.000407	-0.272129
0.09565		0.000311	-0.272706
0.0957		0.002979	-0.272372
0.09575		0.0036	-0.27261
0.0958		0.003686	-0.272309
0.09585		0.003695	-0.272484
0.0959		0.003759	-0.272276
0.09595		0.003747	-0.27248
0.096		0.003718	-0.272173
0.09605		0.00376	-0.272417
0.0961		0.003692	-0.271885
0.09615		0.003737	-0.273959
0.0962		0.003712	-0.283066
0.09625		0.003814	-0.285465
0.0963		0.00357	-0.285742
0.09635		0.005887	-0.285803
0.0964		0.007787	-0.285766
0.09645		0.007833	-0.28572
0.0965		0.00799	-0.285638
0.09655		0.007909	-0.28558
0.0966		0.007984	-0.285537
0.09665		0.007909	-0.28548
0.0967		0.007957	-0.285556
0.09675		0.007906	-0.285409
0.0968		0.007976	-0.28536
0.09685		0.007946	-0.282855
0.0969		0.007935	-0.281184
0.09695		0.00795	-0.281159
0.097		0.007554	-0.280958
0.09705		0.006957	-0.281004
0.0971		0.00692	-0.280838
0.09715		0.006876	-0.280943
0.0972		0.006893	-0.280716
0.09725		0.006879	-0.28094
0.0973		0.006946	-0.2807
0.09735		0.006963	-0.28084
0.0974		0.006905	-0.280478
0.09745		0.00685	-0.280881
0.0975		0.006893	-0.276729
0.09755		0.006875	-0.272469
0.0976		0.006878	-0.272316
0.09765		0.006878	-0.271974
0.0977		0.006876	-0.272124
0.09775		0.006871	-0.271911
0.0978		0.006915	-0.271985
0.09785		0.006894	-0.271784
0.0979		0.006878	-0.271867
0.09795		0.006878	-0.271749
0.098		0.006846	-0.271711
0.09805		0.006818	-0.271721
0.0981		0.006816	-0.271686
0.09815		0.006889	-0.271641
0.0982		0.006828	-0.271622
0.09825		0.006812	-0.271578
0.0983		0.007267	-0.271486
0.09835		0.011348	-0.271438
0.0984		0.012877	-0.271437
0.09845		0.012956	-0.2714
0.0985		0.013028	-0.271383
0.09855		0.013006	-0.271361
0.0986		0.013073	-0.271242
0.09865		0.013089	-0.27125
0.0987		0.013039	-0.271111
0.09875		0.012992	-0.271196
0.0988		0.013036	-0.271026
0.09885		0.013087	-0.269534
0.0989		0.013002	-0.268839
0.09895		0.013057	-0.268906
0.099		0.012643	-0.268684
0.09905		0.012111	-0.268737
0.0991		0.012078	-0.268576
0.09915		0.011964	-0.268788
0.0992		0.011976	-0.26853
0.09925		0.012	-0.268764
0.0993		0.011963	-0.268337
0.09935		0.011968	-0.268721
0.0994		0.01193	-0.26793
0.09945		0.011998	-0.269098
0.0995		0.011935	-0.258571
0.09955		0.012079	-0.247325
0.0996		0.011857	-0.247033
0.09965		0.012699	-0.245831
0.0997		0.01482	-0.246458
0.09975		0.01508	-0.245809
0.0998		0.015225	-0.246375
0.09985		0.015173	-0.245716
0.0999		0.015231	-0.246312
0.09995		0.015159	-0.245521
