0.00E+00	-0.001158	-0.076543
5.00E-05	-0.001086	-0.076251
1.00E-04	-0.001117	-0.076487
0.00015		-0.00112	-0.07621
0.0002		-0.001126	-0.076491
0.00025		-0.001141	-0.076218
0.0003		-0.001186	-0.076539
0.00035		-0.001062	-0.075966
0.0004		-0.00113	-0.076667
0.00045		-0.001076	-0.075837
0.0005		-0.002206	-0.090563
0.00055		-0.003101	-0.101597
0.0006		-0.003141	-0.101713
0.00065		-0.0032	-0.102721
0.0007		-0.003176	-0.102119
0.00075		-0.003181	-0.102695
0.0008		-0.003218	-0.102204
0.00085		-0.00323	-0.102708
0.0009		-0.003255	-0.102091
0.00095		-0.003186	-0.102616
0.001		-0.003187	-0.102009
0.00105		-0.003189	-0.102691
0.0011		-0.003341	-0.10185
0.00115		-0.002649	-0.11579
0.0012		-0.001426	-0.125683
0.00125		-0.001219	-0.125948
0.0013		-0.001073	-0.126791
0.00135		-0.001115	-0.12637
0.0014		-0.001113	-0.126659
0.00145		-0.001123	-0.126392
0.0015		-0.001123	-0.126496
0.00155		-0.001154	-0.126347
0.0016		-0.001095	-0.126457
0.00165		-0.001117	-0.12638
0.0017		-0.001135	-0.126509
0.00175		-0.001115	-0.126328
0.0018		-0.001376	-0.12611
0.00185		-0.002798	-0.125342
0.0019		-0.003157	-0.125265
0.00195		-0.003223	-0.125138
0.002		-0.00323	-0.125158
0.00205		-0.003117	-0.125112
0.0021		-0.003187	-0.125097
0.00215		-0.003238	-0.125131
0.0022		-0.003237	-0.125123
0.00225		-0.003222	-0.125114
0.0023		-0.003231	-0.125005
0.00235		-0.003244	-0.124997
0.0024		-0.003186	-0.124994
0.00245		-0.003197	-0.125097
0.0025		-0.002684	-0.126495
0.00255		-0.002181	-0.126976
0.0026		-0.002233	-0.126947
0.00265		-0.002202	-0.127016
0.0027		-0.00214	-0.127021
0.00275		-0.0021	-0.127028
0.0028		-0.002206	-0.126972
0.00285		-0.002152	-0.12701
0.0029		-0.002182	-0.126899
0.00295		-0.002181	-0.126961
0.003		-0.002204	-0.126858
0.00305		-0.002113	-0.12695
0.0031		-0.002273	-0.127126
0.00315		-0.001319	-0.135757
0.0032		-0.000221	-0.140071
0.00325		-0.000169	-0.140242
0.0033		-9.32E-05	-0.14053
0.00335		-0.000112	-0.140386
0.0034		-6.03E-05	-0.140448
0.00345		-7.95E-05	-0.140481
0.0035		-4.94E-05	-0.140397
0.00355		-9.46E-05	-0.140462
0.0036		-8.64E-05	-0.140218
0.00365		-8.77E-05	-0.140445
0.0037		-9.60E-05	-0.140053
0.00375		-0.000148	-0.140783
0.0038		5.89E-05	-0.136238
0.00385		0.000599	-0.128787
0.0039		0.000775	-0.128151
0.00395		0.000881	-0.127489
0.004		0.000792	-0.12777
0.00405		0.000755	-0.127449
0.0041		0.000872	-0.127726
0.00415		0.000796	-0.127446
0.0042		0.000831	-0.127704
0.00425		0.000813	-0.127333
0.0043		0.000834	-0.127741
0.00435		0.000787	-0.127137
0.0044		0.000855	-0.12801
0.00445		0.000879	-0.123783
0.0045		0.002136	-0.115079
0.00455		0.002824	-0.113994
0.0046		0.002871	-0.113395
0.00465		0.00293	-0.113678
0.0047		0.002902	-0.113403
0.00475		0.00286	-0.113595
0.0048		0.002943	-0.113388
0.00485		0.00288	-0.113582
0.0049		0.002835	-0.113264
0.00495		0.002861	-0.113556
0.005		0.002871	-0.113134
0.00505		0.002941	-0.113906
0.0051		0.002857	-0.10993
0.00515		0.002853	-0.086401
0.0052		0.002887	-0.078613
0.00525		0.002894	-0.077985
0.0053		0.002865	-0.07754
0.00535		0.002899	-0.077765
0.0054		0.002947	-0.077495
0.00545		0.002934	-0.077692
0.0055		0.002862	-0.07743
0.00555		0.002941	-0.077669
0.0056		0.002921	-0.077277
0.00565		0.002923	-0.077807
0.0057		0.002851	-0.077063
0.00575		0.002901	-0.077767
0.0058		0.002897	-0.060959
0.00585		0.002939	-0.049021
0.0059		0.002932	-0.048888
0.00595		0.002884	-0.047729
0.006		0.002891	-0.048393
0.00605		0.002835	-0.047745
0.0061		0.002897	-0.048375
0.00615		0.002856	-0.047666
0.0062		0.002856	-0.048349
0.00625		0.002928	-0.047599
0.0063		0.002899	-0.048463
0.00635		0.002846	-0.047394
0.0064		0.002805	-0.049044
0.00645		0.00286	-0.037771
0.0065		0.002849	-0.024258
0.00655		0.002887	-0.023618
0.0066		0.002846	-0.022506
0.00665		0.002846	-0.022994
0.0067		0.002838	-0.022468
0.00675		0.002854	-0.022872
0.0068		0.002882	-0.022547
0.00685		0.002819	-0.022834
0.0069		0.002851	-0.022579
0.00695		0.002936	-0.022769
0.007		0.002809	-0.022517
0.00705		0.002916	-0.022928
0.0071		0.002746	-0.021664
0.00715		0.004451	-0.017528
0.0072		0.005898	-0.016465
0.00725		0.00588	-0.016378
0.0073		0.00604	-0.016288
0.00735		0.005994	-0.016332
0.0074		0.006062	-0.016255
0.00745		0.006	-0.01636
0.0075		0.00607	-0.016199
0.00755		0.005995	-0.016343
0.0076		0.006069	-0.01613
0.00765		0.005989	-0.016312
0.0077		0.006065	-0.016133
0.00775		0.00598	-0.015726
0.0078		0.006424	0.002681
0.00785		0.007053	0.012267
0.0079		0.007126	0.012579
0.00795		0.007137	0.013346
0.008		0.007103	0.012885
0.00805		0.007053	0.013236
0.0081		0.007136	0.012996
0.00815		0.007071	0.013157
0.0082		0.007111	0.013037
0.00825		0.007055	0.01318
0.0083		0.007147	0.01317
0.00835		0.007001	0.013113
0.0084		0.007293	0.013174
0.00845		0.005965	0.012202
0.0085		0.002586	0.011095
0.00855		0.001947	0.011103
0.0086		0.001777	0.010991
0.00865		0.001845	0.010965
0.0087		0.001763	0.010977
0.00875		0.001829	0.010918
0.0088		0.001733	0.010967
0.00885		0.001758	0.010892
0.0089		0.001682	0.011051
0.00895		0.001723	0.010844
0.009		0.001755	0.011162
0.00905		0.001796	0.010556
0.0091		0.001896	0.013551
0.00915		0.004631	0.026848
0.0092		0.005917	0.030431
0.00925		0.006	0.030987
0.0093		0.006079	0.030961
0.00935		0.006054	0.031074
0.0094		0.006107	0.031044
0.00945		0.006037	0.031087
0.0095		0.005983	0.030984
0.00955		0.006021	0.030939
0.0096		0.006013	0.031028
0.00965		0.006043	0.031058
0.0097		0.005914	0.030929
0.00975		0.006054	0.031678
0.0098		0.004392	0.038289
0.00985		0.002976	0.041151
0.0099		0.002947	0.041301
0.00995		0.002821	0.04149
0.01		0.002868	0.041207
0.01005		0.002779	0.041536
0.0101		0.002831	0.041237
0.01015		0.002768	0.041466
0.0102		0.002804	0.041151
0.01025		0.002683	0.041655
0.0103		0.002804	0.04116
0.01035		0.002716	0.041799
0.0104		0.002891	0.040861
0.01045		0.00204	0.050475
0.0105		0.000877	0.059325
0.01055		0.000829	0.05967
0.0106		0.000699	0.060277
0.01065		0.000702	0.059974
0.0107		0.000753	0.060213
0.01075		0.000742	0.060028
0.0108		0.000738	0.06018
0.01085		0.000709	0.060129
0.0109		0.000727	0.060128
0.01095		0.00075	0.060203
0.011		0.000721	0.059925
0.01105		0.000651	0.060345
0.0111		0.001189	0.057489
0.01115		0.003187	0.053379
0.0112		0.003763	0.053146
0.01125		0.003876	0.052747
0.0113		0.003777	0.052931
0.01135		0.00385	0.052762
0.0114		0.003763	0.052784
0.01145		0.00384	0.052791
0.0115		0.003778	0.052735
0.01155		0.003867	0.052788
0.0116		0.003865	0.052644
0.01165		0.003854	0.052883
0.0117		0.003718	0.052337
0.01175		0.003769	0.055312
0.0118		0.003134	0.076091
0.01185		0.002862	0.083259
0.0119		0.002804	0.083821
0.01195		0.00276	0.084175
0.012		0.002764	0.08408
0.01205		0.00283	0.084235
0.0121		0.002827	0.084097
0.01215		0.002793	0.084197
0.0122		0.002772	0.083971
0.01225		0.002834	0.08426
0.0123		0.002734	0.083882
0.01235		0.002916	0.08417
0.0124		0.002709	0.084479
0.01245		0.004081	0.101457
0.0125		0.005789	0.110588
0.01255		0.005876	0.110738
0.0126		0.006009	0.111452
0.01265		0.005959	0.111067
0.0127		0.006037	0.111377
0.01275		0.005987	0.111141
0.0128		0.006018	0.111323
0.01285		0.005961	0.111123
0.0129		0.005979	0.11125
0.01295		0.005989	0.111176
0.013		0.005885	0.111213
0.01305		0.006051	0.111124
0.0131		0.005455	0.110697
0.01315		0.004054	0.110065
0.0132		0.003904	0.110058
0.01325		0.003778	0.109922
0.0133		0.003817	0.109976
0.01335		0.003807	0.10986
0.0134		0.003797	0.110022
0.01345		0.003841	0.109882
0.0135		0.003836	0.110078
0.01355		0.003841	0.109808
0.0136		0.003802	0.110048
0.01365		0.003822	0.109578
0.0137		0.003777	0.11028
0.01375		0.003812	0.107169
0.0138		0.001378	0.098309
0.01385		-9.60E-06	0.096764
0.0139		-5.21E-05	0.096254
0.01395		-0.000214	0.096335
0.014		-0.000134	0.096209
0.01405		-0.000137	0.096236
0.0141		-0.000175	0.096099
0.01415		-0.000207	0.096198
0.0142		-0.000215	0.096164
0.01425		-0.000266	0.096118
0.0143		-0.000215	0.096146
0.01435		-0.000166	0.095996
0.0144		-0.000207	0.096526
0.01445		0.001464	0.09925
0.0145		0.002655	0.09998
0.01455		0.002729	0.100167
0.0146		0.002786	0.100128
0.01465		0.002746	0.100102
0.0147		0.002813	0.100041
0.01475		0.002773	0.100149
0.0148		0.002734	0.100031
0.01485		0.002812	0.100073
0.0149		0.00279	0.09996
0.01495		0.002793	0.100068
0.015		0.002749	0.099962
0.01505		0.002947	0.100086
0.0151		0.001888	0.10175
0.01515		9.05E-05	0.103159
0.0152		-0.000136	0.102773
0.01525		-0.000296	0.103376
0.0153		-0.000154	0.102774
0.01535		-0.000177	0.103455
0.0154		-0.000171	0.102564
0.01545		-0.00027	0.103508
0.0155		-0.000193	0.102314
0.01555		-0.000226	0.10372
0.0156		-0.000175	0.101823
0.01565		-0.000211	0.104659
0.0157		-0.000166	0.09991
0.01575		-0.000243	0.125452
0.0158		-0.000925	0.166242
0.01585		-0.001157	0.170017
0.0159		-0.001232	0.172679
0.01595		-0.001138	0.171712
0.016		-0.001216	0.172581
0.01605		-0.001249	0.172049
0.0161		-0.001249	0.172305
0.01615		-0.001232	0.172187
0.0162		-0.001224	0.172016
0.01625		-0.001253	0.172538
0.0163		-0.001246	0.171474
0.01635		-0.001213	0.173749
0.0164		-0.00125	0.162123
0.01645		-0.00013	0.110949
0.0165		0.000643	0.097711
0.01655		0.000714	0.095652
0.0166		0.000703	0.09551
0.01665		0.000632	0.095252
0.0167		0.000706	0.095314
0.01675		0.00071	0.095246
0.0168		0.000647	0.095189
0.01685		0.000728	0.09524
0.0169		0.000644	0.095116
0.01695		0.000707	0.095279
0.017		0.000642	0.09505
0.01705		0.00081	0.09519
0.0171		-0.000627	0.084529
0.01715		-0.002122	0.077772
0.0172		-0.00215	0.077591
0.01725		-0.002298	0.077056
0.0173		-0.002214	0.077255
0.01735		-0.002311	0.077046
0.0174		-0.00231	0.077111
0.01745		-0.002285	0.077081
0.0175		-0.002214	0.077061
0.01755		-0.002273	0.077064
0.0176		-0.002225	0.076954
0.01765		-0.002355	0.077222
0.0177		-0.002235	0.076772
0.01775		-0.002691	0.079359
0.0178		-0.004169	0.082837
0.01785		-0.004403	0.083137
0.0179		-0.004457	0.083232
0.01795		-0.004509	0.08325
0.018		-0.004484	0.083144
0.01805		-0.004409	0.083302
0.0181		-0.00452	0.083103
0.01815		-0.00449	0.083421
0.0182		-0.004483	0.08297
0.01825		-0.004523	0.083603
0.0183		-0.004494	0.082551
0.01835		-0.00445	0.084305
0.0184		-0.004366	0.075785
0.01845		-0.003638	0.056422
0.0185		-0.003378	0.053767
0.01855		-0.003313	0.052607
0.0186		-0.003292	0.052968
0.01865		-0.003263	0.052562
0.0187		-0.003264	0.052832
0.01875		-0.003267	0.052556
0.0188		-0.003371	0.052746
0.01885		-0.003237	0.052526
0.0189		-0.003297	0.052772
0.01895		-0.00323	0.05263
0.019		-0.003322	0.052751
0.01905		-0.003212	0.052465
0.0191		-0.004812	0.051139
0.01915		-0.006314	0.050549
0.0192		-0.006406	0.050577
0.01925		-0.006578	0.050484
0.0193		-0.00651	0.050551
0.01935		-0.006487	0.050406
0.0194		-0.006424	0.050619
0.01945		-0.006553	0.050464
0.0195		-0.006553	0.050645
0.01955		-0.006539	0.050393
0.0196		-0.006556	0.050645
0.01965		-0.006414	0.05024
0.0197		-0.006672	0.0508
0.01975		-0.00551	0.043762
0.0198		-0.003529	0.037385
0.01985		-0.003327	0.03719
0.0199		-0.003234	0.036625
0.01995		-0.0033	0.036949
0.02		-0.003304	0.036617
0.02005		-0.003309	0.036887
0.0201		-0.003189	0.036602
0.02015		-0.003264	0.036901
0.0202		-0.003218	0.036592
0.02025		-0.003318	0.036872
0.0203		-0.00325	0.036452
0.02035		-0.003283	0.037098
0.0204		-0.003126	0.034293
0.02045		-0.00245	0.02928
0.0205		-0.002294	0.028601
0.02055		-0.002232	0.028309
0.0206		-0.002277	0.028346
0.02065		-0.00227	0.028331
0.0207		-0.002296	0.028272
0.02075		-0.002237	0.028387
0.0208		-0.002276	0.028323
0.02085		-0.002226	0.028446
0.0209		-0.002259	0.028202
0.02095		-0.002248	0.028509
0.021		-0.002273	0.027827
0.02105		-0.002314	0.031205
0.0211		-0.004262	0.042223
0.02115		-0.005267	0.044468
0.0212		-0.00534	0.045155
0.02125		-0.005488	0.044889
0.0213		-0.005481	0.045118
0.02135		-0.005496	0.044894
0.0214		-0.00544	0.045145
0.02145		-0.00553	0.044875
0.0215		-0.005412	0.045101
0.02155		-0.005422	0.044805
0.0216		-0.005438	0.045211
0.02165		-0.005423	0.044786
0.0217		-0.005495	0.044021
0.02175		-0.004983	0.014031
0.0218		-0.004516	-0.002152
0.02185		-0.004484	-0.002395
0.0219		-0.004446	-0.003987
0.02195		-0.004483	-0.003042
0.022		-0.00442	-0.003863
0.02205		-0.004471	-0.003189
0.0221		-0.004449	-0.003845
0.02215		-0.004409	-0.003097
0.0222		-0.004412	-0.003956
0.02225		-0.004414	-0.002926
0.0223		-0.004421	-0.004281
0.02235		-0.004349	-0.00206
0.0224		-0.004656	-0.013693
0.02245		-0.006029	-0.033852
0.0225		-0.006354	-0.035911
0.02255		-0.00646	-0.03732
0.0226		-0.006467	-0.036718
0.02265		-0.006462	-0.037323
0.0227		-0.006487	-0.036834
0.02275		-0.006458	-0.037285
0.0228		-0.006461	-0.03671
0.02285		-0.00653	-0.037323
0.0229		-0.006478	-0.036679
0.02295		-0.006546	-0.037456
0.023		-0.006472	-0.036184
0.02305		-0.006512	-0.042225
0.0231		-0.004561	-0.053981
0.02315		-0.003292	-0.05528
0.0232		-0.003333	-0.056085
0.02325		-0.003205	-0.055726
0.0233		-0.003227	-0.056108
0.02335		-0.00319	-0.055818
0.0234		-0.003218	-0.05606
0.02345		-0.003224	-0.055819
0.0235		-0.003224	-0.056107
0.02355		-0.003128	-0.055741
0.0236		-0.003231	-0.056284
0.02365		-0.003182	-0.055259
0.0237		-0.003271	-0.059384
0.02375		-0.002698	-0.074636
0.0238		-0.002224	-0.078239
0.02385		-0.002241	-0.078864
0.0239		-0.002261	-0.0788
0.02395		-0.002261	-0.078971
0.024		-0.002246	-0.078809
0.02405		-0.002147	-0.07896
0.0241		-0.002199	-0.078717
0.02415		-0.002191	-0.078979
0.0242		-0.002191	-0.07872
0.02425		-0.0022	-0.079081
0.0243		-0.002195	-0.078613
0.02435		-0.002178	-0.079166
0.0244		-0.002158	-0.072462
0.02445		-0.002214	-0.067743
0.0245		-0.002211	-0.067547
0.02455		-0.002228	-0.067384
0.0246		-0.002222	-0.06725
0.02465		-0.002232	-0.067347
0.0247		-0.002191	-0.067118
0.02475		-0.002182	-0.067477
0.0248		-0.002247	-0.066918
0.02485		-0.002188	-0.067642
0.0249		-0.002198	-0.066664
0.02495		-0.002169	-0.068066
0.025		-0.002151	-0.065505
0.02505		-0.002304	-0.079681
0.0251		-0.002923	-0.102505
0.02515		-0.003187	-0.104552
0.0252		-0.003171	-0.106181
0.02525		-0.003163	-0.105512
0.0253		-0.003154	-0.106031
0.02535		-0.003212	-0.105645
0.0254		-0.003244	-0.105968
0.02545		-0.003212	-0.10572
0.0255		-0.003246	-0.105845
0.02555		-0.003196	-0.10582
0.0256		-0.00322	-0.10566
0.02565		-0.003168	-0.106171
0.0257		-0.003098	-0.102623
0.02575		-0.001098	-0.087875
0.0258		-0.000173	-0.084464
0.02585		-0.000167	-0.083749
0.0259		-0.000117	-0.083919
0.02595		-9.46E-05	-0.083488
0.026		-0.000103	-0.083799
0.02605		-0.000103	-0.083383
0.0261		-5.48E-05	-0.083799
0.02615		-8.64E-05	-0.083377
0.0262		-0.000169	-0.083891
0.02625		-0.000118	-0.083135
0.0263		-0.000218	-0.083934
0.02635		-0.000121	-0.083565
0.0264		-0.000795	-0.112734
0.02645		-0.001997	-0.130391
0.0265		-0.002113	-0.130857
0.02655		-0.002184	-0.13231
0.0266		-0.002174	-0.131595
0.02665		-0.002196	-0.132107
0.0267		-0.002159	-0.131822
0.02675		-0.002182	-0.131955
0.0268		-0.002209	-0.131884
0.02685		-0.002276	-0.131835
0.0269		-0.002259	-0.131951
0.02695		-0.002188	-0.131529
0.027		-0.002193	-0.131942
0.02705		-0.002161	-0.118681
0.0271		-0.002155	-0.109175
0.02715		-0.00214	-0.109023
0.0272		-0.002124	-0.1082
0.02725		-0.002189	-0.108546
0.0273		-0.002172	-0.108259
0.02735		-0.002225	-0.108366
0.0274		-0.002226	-0.10831
0.02745		-0.002251	-0.108276
0.0275		-0.002273	-0.108477
0.02755		-0.002177	-0.108063
0.0276		-0.002103	-0.108683
0.02765		-0.002166	-0.107446
0.0277		-0.002368	-0.114338
0.02775		-0.003786	-0.125763
0.0278		-0.00429	-0.126543
0.02785		-0.004339	-0.127418
0.0279		-0.004346	-0.126971
0.02795		-0.004425	-0.127333
0.028		-0.004264	-0.127124
0.02805		-0.004431	-0.127291
0.0281		-0.004379	-0.127054
0.02815		-0.004447	-0.127242
0.0282		-0.004339	-0.127167
0.02825		-0.004388	-0.127223
0.0283		-0.00428	-0.127116
0.02835		-0.004471	-0.12665
0.0284		-0.002373	-0.12101
0.02845		-0.00034	-0.118764
0.0285		-0.000226	-0.118634
0.02855		-8.23E-05	-0.118466
0.0286		-0.000125	-0.118449
0.02865		2.60E-05	-0.11843
0.0287		-7.54E-05	-0.118541
0.02875		-7.68E-05	-0.118411
0.0288		-7.13E-05	-0.118481
0.02885		-2.60E-05	-0.11833
0.0289		-0.000122	-0.118507
0.02895		-9.46E-05	-0.118287
0.029		-0.0001	-0.118378
0.02905		-7.81E-05	-0.115169
0.0291		-9.73E-05	-0.11322
0.02915		-6.85E-05	-0.113148
0.0292		-8.50E-05	-0.113019
0.02925		-0.000125	-0.112975
0.0293		-0.000144	-0.113019
0.02935		-7.95E-05	-0.112926
0.0294		-0.000101	-0.112997
0.02945		-5.62E-05	-0.112896
0.0295		-9.32E-05	-0.11305
0.02955		-6.03E-05	-0.112675
0.0296		-9.46E-05	-0.113138
0.02965		9.60E-06	-0.11238
0.0297		-0.000544	-0.116383
0.02975		-0.002628	-0.121609
0.0298		-0.00308	-0.122061
0.02985		-0.003219	-0.122326
0.0299		-0.003187	-0.122274
0.02995		-0.003204	-0.122211
0.03		-0.003159	-0.122301
0.03005		-0.003207	-0.12207
0.0301		-0.0031	-0.122388
0.03015		-0.003264	-0.121976
0.0302		-0.00315	-0.122666
0.03025		-0.003264	-0.121636
0.0303		-0.003065	-0.123436
0.03035		-0.003337	-0.114578
0.0304		-0.00017	-0.081137
0.03045		0.002638	-0.073272
0.0305		0.002764	-0.071716
0.03055		0.002921	-0.071723
0.0306		0.002795	-0.0715
0.03065		0.002934	-0.071672
0.0307		0.002921	-0.071509
0.03075		0.002982	-0.071674
0.0308		0.002875	-0.071522
0.03085		0.002873	-0.071531
0.0309		0.002879	-0.071459
0.03095		0.002879	-0.07162
0.031		0.002956	-0.070526
0.03105		0.00245	-0.057154
0.0311		0.001886	-0.05097
0.03115		0.001895	-0.050867
0.0312		0.001789	-0.050283
0.03125		0.001775	-0.05063
0.0313		0.00181	-0.050273
0.03135		0.001874	-0.050615
0.0314		0.001773	-0.050205
0.03145		0.001842	-0.050659
0.0315		0.001808	-0.050034
0.03155		0.00181	-0.050847
0.0316		0.001836	-0.049787
0.03165		0.001849	-0.051251
0.0317		0.00183	-0.037747
0.03175		0.001815	-0.02429
0.0318		0.001829	-0.023857
0.03185		0.001841	-0.022649
0.0319		0.001869	-0.023329
0.03195		0.001821	-0.022753
0.032		0.001814	-0.02314
0.03205		0.001815	-0.022757
0.0321		0.001841	-0.023107
0.03215		0.001844	-0.022841
0.0322		0.00186	-0.023056
0.03225		0.001853	-0.022749
0.0323		0.001779	-0.023256
0.03235		0.001862	-0.021383
0.0324		0.003929	-0.015187
0.03245		0.004931	-0.013752
0.0325		0.005	-0.013516
0.03255		0.00509	-0.013492
0.0326		0.005026	-0.013399
0.03265		0.005137	-0.013398
0.0327		0.005035	-0.01339
0.03275		0.005049	-0.013457
0.0328		0.005071	-0.01341
0.03285		0.005013	-0.013381
0.0329		0.005075	-0.013446
0.03295		0.005011	-0.013553
0.033		0.005023	-0.013099
0.03305		0.004383	-0.010327
0.0331		0.003947	-0.009236
0.03315		0.003899	-0.009273
0.0332		0.003843	-0.009126
0.03325		0.003913	-0.009362
0.0333		0.003902	-0.009273
0.03335		0.003926	-0.009351
0.0334		0.003897	-0.009047
0.03345		0.003885	-0.009361
0.0335		0.003882	-0.009043
0.03355		0.003804	-0.009454
0.0336		0.003925	-0.00883
0.03365		0.003833	-0.009835
0.0337		0.004434	-0.001803
0.03375		0.005804	0.007685
0.0338		0.006029	0.007899
0.03385		0.006084	0.00897
0.0339		0.006039	0.008261
0.03395		0.006094	0.008938
0.034		0.006073	0.008306
0.03405		0.006092	0.008904
0.0341		0.006032	0.008209
0.03415		0.006094	0.009141
0.0342		0.006047	0.008018
0.03425		0.006098	0.009429
0.0343		0.006017	0.007007
0.03435		0.006102	0.019609
0.0344		0.004221	0.041861
0.03445		0.002998	0.044172
0.0345		0.002921	0.045709
0.03455		0.002828	0.045155
0.0346		0.002935	0.045688
0.03465		0.002887	0.045295
0.0347		0.002873	0.045629
0.03475		0.002872	0.045324
0.0348		0.002851	0.045535
0.03485		0.002858	0.045318
0.0349		0.002825	0.045439
0.03495		0.00286	0.045337
0.035		0.002894	0.045506
0.03505		0.004912	0.046152
0.0351		0.005954	0.046449
0.03515		0.005944	0.046437
0.0352		0.006037	0.046486
0.03525		0.00597	0.046482
0.0353		0.00605	0.046456
0.03535		0.006002	0.046341
0.0354		0.006003	0.046423
0.03545		0.005985	0.046472
0.0355		0.005976	0.046371
0.03555		0.006081	0.046478
0.0356		0.006018	0.046363
0.03565		0.006069	0.046511
0.0357		0.005168	0.047041
0.03575		0.003981	0.047533
0.0358		0.003897	0.047284
0.03585		0.003848	0.047536
0.0359		0.003926	0.047247
0.03595		0.003856	0.047579
0.036		0.003821	0.047126
0.03605		0.003804	0.047682
0.0361		0.003807	0.046991
0.03615		0.003806	0.047813
0.0362		0.003819	0.046718
0.03625		0.003788	0.048255
0.0363		0.003858	0.045762
0.03635		0.003899	0.066348
0.0364		0.003888	0.088149
0.03645		0.003893	0.088957
0.0365		0.003862	0.090883
0.03655		0.003839	0.089829
0.0366		0.003784	0.090723
0.03665		0.003836	0.089945
0.0367		0.003865	0.090546
0.03675		0.003817	0.090021
0.0368		0.003836	0.090503
0.03685		0.00384	0.089936
0.0369		0.003892	0.090469
0.03695		0.003822	0.089764
0.037		0.003819	0.092432
0.03705		0.003877	0.098363
0.0371		0.00385	0.099399
0.03715		0.003859	0.099595
0.0372		0.003836	0.099581
0.03725		0.003855	0.099646
0.0373		0.003812	0.09961
0.03735		0.003829	0.09964
0.0374		0.003706	0.099591
0.03745		0.003782	0.099566
0.0375		0.003785	0.099565
0.03755		0.00386	0.099551
0.0376		0.00376	0.09955
0.03765		0.003908	0.099166
0.0377		0.00276	0.095704
0.03775		0.001863	0.094346
0.0378		0.001842	0.094325
0.03785		0.001726	0.094236
0.0379		0.001734	0.094257
0.03795		0.001648	0.094163
0.038		0.001733	0.094139
0.03805		0.001704	0.0941
0.0381		0.001766	0.094077
0.03815		0.00177	0.094132
0.0382		0.001763	0.094111
0.03825		0.001752	0.094055
0.0383		0.001755	0.094098
0.03835		0.001779	0.094447
0.0384		0.001737	0.09505
0.03845		0.001725	0.094946
0.0385		0.00179	0.094994
0.03855		0.001768	0.094904
0.0386		0.001795	0.095002
0.03865		0.00177	0.094933
0.0387		0.001781	0.095039
0.03875		0.001741	0.09488
0.0388		0.001729	0.095023
0.03885		0.001679	0.094843
0.0389		0.001703	0.095066
0.03895		0.001737	0.09465
0.039		0.001593	0.096916
0.03905		0.000924	0.100557
0.0391		0.000812	0.100863
0.03915		0.000739	0.101015
0.0392		0.000696	0.101011
0.03925		0.000749	0.10104
0.0393		0.000754	0.10105
0.03935		0.000758	0.100986
0.0394		0.000738	0.101032
0.03945		0.00071	0.10086
0.0395		0.000674	0.101066
0.03955		0.000724	0.100778
0.0396		0.000744	0.101315
0.03965		0.000801	0.098585
0.0397		0.000749	0.09031
0.03975		0.000709	0.088772
0.0398		0.000743	0.088269
0.03985		0.000746	0.088411
0.0399		0.000714	0.088201
0.03995		0.000695	0.088366
0.04		0.00068	0.08819
0.04005		0.000666	0.088411
0.0401		0.000716	0.088108
0.04015		0.000699	0.088338
0.0402		0.000629	0.088056
0.04025		0.000635	0.088345
0.0403		0.00069	0.088814
0.04035		0.00077	0.105398
0.0404		0.000731	0.113644
0.04045		0.000732	0.113991
0.0405		0.000674	0.114413
0.04055		0.000683	0.114357
0.0406		0.000681	0.114321
0.04065		0.000676	0.114436
0.0407		0.000705	0.114277
0.04075		0.000683	0.114449
0.0408		0.000717	0.114003
0.04085		0.000699	0.114774
0.0409		0.000653	0.113629
0.04095		0.000694	0.115455
0.041		0.000684	0.104581
0.04105		0.000739	0.087319
0.0411		0.000764	0.085822
0.04115		0.000712	0.084486
0.0412		0.000691	0.085043
0.04125		0.000681	0.084533
0.0413		0.000727	0.084858
0.04135		0.000707	0.084582
0.0414		0.000679	0.084733
0.04145		0.000646	0.08466
0.0415		0.000724	0.084681
0.04155		0.000683	0.084788
0.0416		0.000677	0.084378
0.04165		0.000462	0.086584
0.0417		-0.001463	0.092775
0.04175		-0.002185	0.093786
0.0418		-0.002236	0.094159
0.04185		-0.002333	0.093939
0.0419		-0.002259	0.094025
0.04195		-0.002267	0.094014
0.042		-0.00228	0.093989
0.04205		-0.00223	0.093958
0.0421		-0.002294	0.093939
0.04215		-0.002292	0.093969
0.0422		-0.002302	0.093987
0.04225		-0.002262	0.093922
0.0423		-0.002321	0.093947
0.04235		-0.001796	0.093906
0.0424		-0.001224	0.093844
0.04245		-0.001241	0.093915
0.0425		-0.001221	0.093837
0.04255		-0.001169	0.093847
0.0426		-0.001235	0.093792
0.04265		-0.001231	0.093866
0.0427		-0.001194	0.09376
0.04275		-0.001213	0.093955
0.0428		-0.001213	0.093771
0.04285		-0.001201	0.093956
0.0429		-0.001167	0.093643
0.04295		-0.00113	0.093924
0.043		-0.001374	0.086762
0.04305		-0.002077	0.081531
0.0431		-0.002169	0.081429
0.04315		-0.002211	0.080953
0.0432		-0.002155	0.081159
0.04325		-0.002195	0.080868
0.0433		-0.002232	0.081
0.04335		-0.002248	0.080958
0.0434		-0.002254	0.081064
0.04345		-0.002241	0.081014
0.0435		-0.002178	0.080997
0.04355		-0.002283	0.080984
0.0436		-0.002185	0.080955
0.04365		-0.002557	0.080781
0.0437		-0.004069	0.079966
0.04375		-0.004339	0.079984
0.0438		-0.004413	0.07987
0.04385		-0.004424	0.079981
0.0439		-0.004435	0.079728
0.04395		-0.00441	0.079965
0.044		-0.004466	0.079688
0.04405		-0.004355	0.07996
0.0441		-0.004479	0.079496
0.04415		-0.004402	0.080091
0.0442		-0.004469	0.079214
0.04425		-0.004396	0.080949
0.0443		-0.004532	0.07322
0.04435		-0.002769	0.042547
0.0444		-0.001291	0.034987
0.04445		-0.001276	0.033723
0.0445		-0.001093	0.033717
0.04455		-0.00113	0.03352
0.0446		-0.001152	0.033597
0.04465		-0.001172	0.033457
0.0447		-0.001178	0.033517
0.04475		-0.001169	0.033476
0.0448		-0.00123	0.033494
0.04485		-0.001143	0.033458
0.0449		-0.001235	0.033472
0.04495		-0.001058	0.033449
0.045		-0.002217	0.030533
0.04505		-0.004132	0.02837
0.0451		-0.004321	0.028437
0.04515		-0.004423	0.02812
0.0452		-0.004405	0.028416
0.04525		-0.004476	0.02812
0.0453		-0.00445	0.028413
0.04535		-0.004424	0.028043
0.0454		-0.004425	0.028516
0.04545		-0.004388	0.027942
0.0455		-0.004462	0.028582
0.04555		-0.004414	0.027646
0.0456		-0.004471	0.029041
0.04565		-0.004107	0.016271
0.0457		-0.003357	0.004004
0.04575		-0.003271	0.003611
0.0458		-0.003219	0.002547
0.04585		-0.003222	0.003039
0.0459		-0.003227	0.002644
0.04595		-0.003304	0.002928
0.046		-0.003222	0.002668
0.04605		-0.003204	0.002772
0.0461		-0.003267	0.002773
0.04615		-0.003278	0.002657
0.0462		-0.003289	0.002993
0.04625		-0.0032	0.002379
0.0463		-0.003191	0.00519
0.04635		-0.002613	0.011934
0.0464		-0.00227	0.012984
0.04645		-0.002237	0.013303
0.0465		-0.002214	0.013349
0.04655		-0.002213	0.013296
0.0466		-0.002187	0.013424
0.04665		-0.002218	0.013298
0.0467		-0.002233	0.013457
0.04675		-0.002251	0.013113
0.0468		-0.002266	0.01365
0.04685		-0.002184	0.01286
0.0469		-0.002292	0.014481
0.04695		-0.002156	0.006745
0.047		-0.003329	-0.031063
0.04705		-0.004309	-0.041688
0.0471		-0.004324	-0.043077
0.04715		-0.004479	-0.043249
0.0472		-0.004438	-0.043465
0.04725		-0.004427	-0.043334
0.0473		-0.004362	-0.043559
0.04735		-0.004361	-0.043293
0.0474		-0.004372	-0.043463
0.04745		-0.004386	-0.043289
0.0475		-0.004457	-0.043607
0.04755		-0.004429	-0.043112
0.0476		-0.004465	-0.043755
0.04765		-0.004039	-0.038957
0.0477		-0.003305	-0.034467
0.04775		-0.003283	-0.034115
0.0478		-0.003176	-0.033949
0.04785		-0.003234	-0.033875
0.0479		-0.003241	-0.034005
0.04795		-0.003267	-0.033785
0.048		-0.003226	-0.034101
0.04805		-0.003274	-0.033623
0.0481		-0.003237	-0.034312
0.04815		-0.003183	-0.033379
0.0482		-0.003178	-0.034807
0.04825		-0.003241	-0.032124
0.0483		-0.003069	-0.046747
0.04835		-0.002428	-0.071234
0.0484		-0.0022	-0.073309
0.04845		-0.002162	-0.075204
0.0485		-0.002214	-0.074328
0.04855		-0.002184	-0.075187
0.0486		-0.002188	-0.074479
0.04865		-0.002219	-0.075078
0.0487		-0.00223	-0.074532
0.04875		-0.002195	-0.075094
0.0488		-0.002196	-0.07447
0.04885		-0.00225	-0.075246
0.0489		-0.002224	-0.07401
0.04895		-0.00221	-0.078771
0.049		-0.00221	-0.09391
0.04905		-0.00218	-0.097131
0.0491		-0.002125	-0.097722
0.04915		-0.002148	-0.097629
0.0492		-0.002209	-0.097763
0.04925		-0.002196	-0.097626
0.0493		-0.002169	-0.097746
0.04935		-0.002191	-0.097633
0.0494		-0.002177	-0.097739
0.04945		-0.002213	-0.0976
0.0495		-0.002145	-0.097772
0.04955		-0.002213	-0.097654
0.0496		-0.00213	-0.097074
0.04965		-0.003286	-0.085675
0.0497		-0.00428	-0.080182
0.04975		-0.004281	-0.080058
0.0498		-0.004414	-0.079625
0.04985		-0.004379	-0.07977
0.0499		-0.004465	-0.079617
0.04995		-0.004399	-0.079698
0.05		-0.004398	-0.079683
0.05005		-0.004418	-0.07961
0.0501		-0.004391	-0.079648
0.05015		-0.004407	-0.079485
0.0502		-0.004306	-0.079665
0.05025		-0.004466	-0.079321
0.0503		-0.003992	-0.083241
0.05035		-0.001785	-0.08758
0.0504		-0.001216	-0.087526
0.05045		-0.001091	-0.088025
0.0505		-0.001082	-0.087727
0.05055		-0.001076	-0.088042
0.0506		-0.001113	-0.08773
0.05065		-0.001161	-0.087981
0.0507		-0.001105	-0.087659
0.05075		-0.00118	-0.088038
0.0508		-0.001135	-0.087509
0.05085		-0.001141	-0.088208
0.0509		-0.001106	-0.086862
0.05095		-0.001352	-0.092776
0.051		-0.002721	-0.1165
0.05105		-0.00312	-0.122415
0.0511		-0.003171	-0.123395
0.05115		-0.003202	-0.12342
0.0512		-0.0032	-0.12363
0.05125		-0.003223	-0.123425
0.0513		-0.003201	-0.123554
0.05135		-0.003179	-0.123395
0.0514		-0.003185	-0.123579
0.05145		-0.003126	-0.123373
0.0515		-0.003222	-0.123606
0.05155		-0.003115	-0.123139
0.0516		-0.003308	-0.124983
0.05165		-0.002359	-0.130464
0.0517		-0.001208	-0.131503
0.05175		-0.001172	-0.131767
0.0518		-0.001139	-0.131656
0.05185		-0.001091	-0.131777
0.0519		-0.001086	-0.131699
0.05195		-0.001156	-0.131754
0.052		-0.00111	-0.131645
0.05205		-0.001127	-0.131717
0.0521		-0.001126	-0.131658
0.05215		-0.001106	-0.131669
0.0522		-0.001158	-0.131511
0.05225		-0.001013	-0.131503
0.0523		-0.001837	-0.129544
0.05235		-0.002994	-0.12856
0.0524		-0.0031	-0.128479
0.05245		-0.003181	-0.128381
0.0525		-0.003127	-0.128244
0.05255		-0.003131	-0.128344
0.0526		-0.003228	-0.128306
0.05265		-0.003163	-0.128377
0.0527		-0.003208	-0.128158
0.05275		-0.003189	-0.12832
0.0528		-0.003196	-0.128111
0.05285		-0.003142	-0.128425
0.0529		-0.003305	-0.127756
0.05295		-0.002875	-0.130401
0.053		-0.000801	-0.137098
0.05305		-0.000145	-0.13842
0.0531		-1.92E-05	-0.13854
0.05315		-0.000101	-0.138697
0.0532		-7.81E-05	-0.138499
0.05325		-9.60E-05	-0.138718
0.0533		-9.87E-05	-0.138389
0.05335		-8.09E-05	-0.13876
0.0534		-0.000114	-0.138227
0.05345		-2.19E-05	-0.13894
0.0535		-0.000118	-0.137764
0.05355		-4.66E-05	-0.139828
0.0536		-0.000145	-0.130457
0.05365		0.00156	-0.103594
0.0537		0.00275	-0.098622
0.05375		0.002804	-0.09719
0.0538		0.002904	-0.097384
0.05385		0.002804	-0.097093
0.0539		0.002846	-0.097314
0.05395		0.002816	-0.097051
0.054		0.002843	-0.097189
0.05405		0.002853	-0.097064
0.0541		0.002797	-0.097163
0.05415		0.002916	-0.097119
0.0542		0.002799	-0.097064
0.05425		0.002953	-0.097056
0.0543		0.002243	-0.092819
0.05435		0.001005	-0.089848
0.0544		0.000886	-0.089879
0.05445		0.000805	-0.089572
0.0545		0.000832	-0.089742
0.05455		0.000806	-0.089497
0.0546		0.000854	-0.089709
0.05465		0.000806	-0.089538
0.0547		0.000824	-0.089666
0.05475		0.000773	-0.08943
0.0548		0.000786	-0.089667
0.05485		0.000777	-0.089493
0.0549		0.000823	-0.089675
0.05495		0.000887	-0.084956
0.055		0.000838	-0.08142
0.05505		0.000825	-0.081366
0.0551		0.000788	-0.081043
0.05515		0.000743	-0.081186
0.0552		0.000735	-0.081008
0.05525		0.000747	-0.081195
0.0553		0.000781	-0.080933
0.05535		0.00072	-0.081145
0.0554		0.000761	-0.080927
0.05545		0.000712	-0.081122
0.0555		0.000717	-0.080778
0.05555		0.00079	-0.081311
0.0556		0.000732	-0.07876
0.05565		0.000132	-0.074273
0.0557		-9.60E-05	-0.073862
0.05575		-0.000123	-0.07357
0.0558		-6.44E-05	-0.073614
0.05585		-8.09E-05	-0.07352
0.0559		-5.21E-05	-0.073583
0.05595		-0.000132	-0.073537
0.056		-5.89E-05	-0.073507
0.05605		-0.000117	-0.073486
0.0561		-4.94E-05	-0.073515
0.05615		-0.000119	-0.073405
0.0562		-2.74E-06	-0.073742
0.05625		-0.000197	-0.071253
0.0563		0.001796	-0.044659
0.05635		0.003721	-0.033661
0.0564		0.00378	-0.033088
0.05645		0.003932	-0.032368
0.0565		0.003873	-0.032711
0.05655		0.004004	-0.032338
0.0566		0.003841	-0.03266
0.05665		0.003921	-0.032425
0.0567		0.003878	-0.032645
0.05675		0.003995	-0.032407
0.0568		0.003877	-0.032641
0.05685		0.003903	-0.032341
0.0569		0.003771	-0.032519
0.05695		0.004276	-0.026186
0.057		0.004965	-0.02234
0.05705		0.005034	-0.022202
0.0571		0.005057	-0.021887
0.05715		0.005016	-0.021937
0.0572		0.005079	-0.021867
0.05725		0.00509	-0.021933
0.0573		0.005038	-0.021897
0.05735		0.005045	-0.021881
0.0574		0.004957	-0.021906
0.05745		0.005028	-0.021913
0.0575		0.004957	-0.021811
0.05755		0.005149	-0.021867
0.0576		0.004731	-0.021563
0.05765		0.003201	-0.020882
0.0577		0.002839	-0.020847
0.05775		0.00281	-0.020731
0.0578		0.002857	-0.020868
0.05785		0.002821	-0.020695
0.0579		0.002845	-0.02093
0.05795		0.002847	-0.020708
0.058		0.002871	-0.020982
0.05805		0.002832	-0.020569
0.0581		0.002883	-0.021008
0.05815		0.002827	-0.020333
0.0582		0.002845	-0.021633
0.05825		0.00282	-0.015915
0.0583		0.003423	0.004151
0.05835		0.003841	0.008696
0.0584		0.003819	0.009546
0.05845		0.003933	0.00957
0.0585		0.003869	0.009735
0.05855		0.003911	0.009625
0.0586		0.00394	0.009679
0.05865		0.003862	0.009676
0.0587		0.003856	0.009664
0.05875		0.003862	0.009709
0.0588		0.003917	0.009685
0.05885		0.003907	0.009714
0.0589		0.003863	0.010047
0.05895		0.003804	0.019937
0.059		0.003881	0.025225
0.05905		0.003858	0.025269
0.0591		0.003865	0.025702
0.05915		0.003871	0.025397
0.0592		0.003867	0.025751
0.05925		0.003859	0.025467
0.0593		0.003803	0.025737
0.05935		0.00383	0.025444
0.0594		0.00386	0.025824
0.05945		0.003891	0.025414
0.0595		0.003859	0.025925
0.05955		0.003804	0.024993
0.0596		0.003807	0.031768
0.05965		0.003877	0.03947
0.0597		0.003859	0.039701
0.05975		0.003793	0.040423
0.0598		0.003822	0.039933
0.05985		0.003839	0.040453
0.0599		0.003865	0.039956
0.05995		0.003841	0.040464
0.06		0.003897	0.039874
0.06005		0.003851	0.040539
0.0601		0.003821	0.039777
0.06015		0.003836	0.040786
0.0602		0.003826	0.038975
0.06025		0.003874	0.048368
0.0603		0.003848	0.064745
0.06035		0.003867	0.06639
0.0604		0.003848	0.067432
0.06045		0.003902	0.06704
0.0605		0.003812	0.06746
0.06055		0.003818	0.06708
0.0606		0.003837	0.067355
0.06065		0.003808	0.067139
0.0607		0.003869	0.067318
0.06075		0.003815	0.067107
0.0608		0.003871	0.067325
0.06085		0.003806	0.067069
0.0609		0.003836	0.067857
0.06095		0.002553	0.07194
0.061		0.001825	0.073364
0.06105		0.001727	0.073435
0.0611		0.0017	0.073489
0.06115		0.001759	0.073419
0.0612		0.001759	0.073589
0.06125		0.001777	0.0735
0.0613		0.001763	0.073544
0.06135		0.001805	0.073508
0.0614		0.001808	0.073545
0.06145		0.00169	0.073387
0.0615		0.001799	0.07347
0.06155		0.001671	0.073324
0.0616		0.002494	0.076343
0.06165		0.003681	0.078545
0.0617		0.003752	0.078558
0.06175		0.003833	0.078738
0.0618		0.003815	0.078547
0.06185		0.003858	0.078627
0.0619		0.003814	0.078494
0.06195		0.003852	0.078616
0.062		0.00378	0.078464
0.06205		0.00383	0.078635
0.0621		0.003804	0.078479
0.06215		0.003819	0.078697
0.0622		0.003807	0.078213
0.06225		0.003804	0.080264
0.0623		0.003855	0.085002
0.06235		0.003856	0.085628
0.0624		0.003791	0.085897
0.06245		0.003851	0.085754
0.0625		0.003837	0.085941
0.06255		0.003825	0.085716
0.0626		0.003802	0.08585
0.06265		0.003792	0.085643
0.0627		0.003791	0.085852
0.06275		0.00378	0.08559
0.0628		0.003812	0.086012
0.06285		0.003784	0.085107
0.0629		0.003785	0.088916
0.06295		0.003826	0.104286
0.063		0.00386	0.108148
0.06305		0.003819	0.108673
0.0631		0.003866	0.108738
0.06315		0.003796	0.108801
0.0632		0.003811	0.108743
0.06325		0.00378	0.108829
0.0633		0.003763	0.108647
0.06335		0.003847	0.108721
0.0634		0.003782	0.108579
0.06345		0.003935	0.108817
0.0635		0.003747	0.108518
0.06355		0.003929	0.108842
0.0636		0.002265	0.104292
0.06365		0.000853	0.100535
0.0637		0.000777	0.100434
0.06375		0.000696	0.100116
0.0638		0.000747	0.100191
0.06385		0.000659	0.1001
0.0639		0.000703	0.100113
0.06395		0.00064	0.100068
0.064		0.000701	0.100039
0.06405		0.000699	0.100012
0.0641		0.000655	0.099949
0.06415		0.000766	0.100079
0.0642		0.000605	0.099936
0.06425		0.001176	0.101095
0.0643		0.002591	0.10198
0.06435		0.002716	0.102043
0.0644		0.002846	0.102034
0.06445		0.002777	0.101998
0.0645		0.002838	0.102001
0.06455		0.002743	0.102011
0.0646		0.002831	0.101882
0.06465		0.00278	0.102105
0.0647		0.002832	0.101883
0.06475		0.002749	0.102149
0.0648		0.002775	0.101665
0.06485		0.002743	0.102537
0.0649		0.002546	0.098496
0.06495		2.19E-05	0.086161
0.065		-0.001119	0.083564
0.06505		-0.00111	0.082981
0.0651		-0.001237	0.083073
0.06515		-0.001213	0.082962
0.0652		-0.001189	0.082984
0.06525		-0.001191	0.082906
0.0653		-0.001226	0.082956
0.06535		-0.001198	0.082908
0.0654		-0.001215	0.0828
0.06545		-0.001232	0.082914
0.0655		-0.001246	0.082531
0.06555		-0.001195	0.084791
0.0656		-0.001156	0.097395
0.06565		-0.001139	0.101096
0.0657		-0.001209	0.101635
0.06575		-0.001204	0.101623
0.0658		-0.001193	0.101713
0.06585		-0.001147	0.101527
0.0659		-0.001193	0.10174
0.06595		-0.001242	0.101487
0.066		-0.001211	0.101758
0.06605		-0.001123	0.1013
0.0661		-0.001156	0.101945
0.06615		-0.00112	0.101185
0.0662		-0.001228	0.101834
0.06625		-0.000824	0.084653
0.0663		-0.000262	0.073168
0.06635		-0.000228	0.072818
0.0664		-0.000228	0.071853
0.06645		-0.000215	0.0722
0.0665		-0.000143	0.071948
0.06655		-0.000137	0.072074
0.0666		-0.000177	0.072034
0.06665		-0.000263	0.071921
0.0667		-0.000222	0.072159
0.06675		-0.000252	0.071679
0.0668		-0.000119	0.072385
0.06685		-0.000144	0.070984
0.0669		-0.000181	0.079199
0.06695		-0.000136	0.092204
0.067		-0.000145	0.093201
0.06705		-0.00018	0.094285
0.0671		-0.000214	0.093795
0.06715		-0.00016	0.094158
0.0672		-0.000237	0.093806
0.06725		-0.00014	0.09405
0.0673		-0.000186	0.093948
0.06735		-0.000221	0.093956
0.0674		-0.000178	0.093926
0.06745		-0.00016	0.093826
0.0675		-0.000141	0.094202
0.06755		-0.000251	0.092369
0.0676		-0.001557	0.084584
0.06765		-0.002167	0.082712
0.0677		-0.002198	0.08228
0.06775		-0.002291	0.082269
0.0678		-0.002202	0.082235
0.06785		-0.002263	0.082226
0.0679		-0.002224	0.082186
0.06795		-0.002265	0.082215
0.068		-0.002239	0.082202
0.06805		-0.002284	0.082153
0.0681		-0.002221	0.082109
0.06815		-0.002298	0.082167
0.0682		-0.002193	0.081206
0.06825		-0.003193	0.069484
0.0683		-0.004336	0.064723
0.06835		-0.004373	0.064405
0.0684		-0.004521	0.06418
0.06845		-0.004444	0.064169
0.0685		-0.004487	0.064232
0.06855		-0.004421	0.064071
0.0686		-0.004449	0.064259
0.06865		-0.004465	0.063906
0.0687		-0.004466	0.064391
0.06875		-0.004502	0.063883
0.0688		-0.004455	0.064551
0.06885		-0.004535	0.063303
0.0689		-0.004147	0.075858
0.06895		-0.003386	0.087262
0.069		-0.003307	0.087589
0.06905		-0.003266	0.088465
0.0691		-0.003226	0.088068
0.06915		-0.003266	0.088384
0.0692		-0.003311	0.088175
0.06925		-0.003307	0.088311
0.0693		-0.003274	0.088255
0.06935		-0.003267	0.088243
0.0694		-0.003307	0.088414
0.06945		-0.003275	0.087964
0.0695		-0.003312	0.088931
0.06955		-0.00322	0.082799
0.0696		-0.004562	0.043238
0.06965		-0.005336	0.030171
0.0697		-0.005362	0.02893
0.06975		-0.005432	0.028356
0.0698		-0.00541	0.028449
0.06985		-0.0054	0.028352
0.0699		-0.005419	0.02836
0.06995		-0.005467	0.02832
0.07		-0.005475	0.028278
0.07005		-0.005444	0.028331
0.0701		-0.005407	0.028164
0.07015		-0.005418	0.02862
0.0702		-0.005464	0.025921
0.07025		-0.004898	0.00363
0.0703		-0.004502	-0.00451
0.07035		-0.00444	-0.005086
0.0704		-0.004436	-0.005532
0.07045		-0.004438	-0.005452
0.0705		-0.004394	-0.005474
0.07055		-0.004465	-0.005411
0.0706		-0.004469	-0.00546
0.07065		-0.004457	-0.005503
0.0707		-0.00449	-0.005492
0.07075		-0.004414	-0.00549
0.0708		-0.004398	-0.005452
0.07085		-0.004343	-0.005538
0.0709		-0.004811	-0.004891
0.07095		-0.005382	-0.004465
0.071		-0.005334	-0.004394
0.07105		-0.005403	-0.004439
0.0711		-0.005448	-0.004362
0.07115		-0.005434	-0.00442
0.0712		-0.005437	-0.004354
0.07125		-0.005411	-0.004505
0.0713		-0.0054	-0.004368
0.07135		-0.005459	-0.004566
0.0714		-0.00549	-0.004222
0.07145		-0.005405	-0.004743
0.0715		-0.005412	-0.003719
0.07155		-0.005386	-0.008978
0.0716		-0.004675	-0.019435
0.07165		-0.004447	-0.020554
0.0717		-0.004409	-0.021331
0.07175		-0.004457	-0.021079
0.0718		-0.004402	-0.021394
0.07185		-0.004406	-0.021069
0.0719		-0.004406	-0.021346
0.07195		-0.004432	-0.021133
0.072		-0.004449	-0.021419
0.07205		-0.004425	-0.021031
0.0721		-0.004416	-0.021504
0.07215		-0.004416	-0.020599
0.0722		-0.004284	-0.024517
0.07225		-0.002111	-0.038294
0.0723		-0.001265	-0.04151
0.07235		-0.001173	-0.04209
0.0724		-0.001187	-0.042059
0.07245		-0.001211	-0.042195
0.0725		-0.001149	-0.042099
0.07255		-0.001157	-0.04218
0.0726		-0.001215	-0.042139
0.07265		-0.001184	-0.042199
0.0727		-0.001163	-0.042181
0.07275		-0.001124	-0.042231
0.0728		-0.001158	-0.041929
0.07285		-0.00109	-0.043924
0.0729		-0.002037	-0.063202
0.07295		-0.003101	-0.070737
0.073		-0.003181	-0.071156
0.07305		-0.003257	-0.071605
0.0731		-0.003141	-0.071523
0.07315		-0.003264	-0.071622
0.0732		-0.003187	-0.071517
0.07325		-0.003235	-0.071559
0.0733		-0.003219	-0.071512
0.07335		-0.003294	-0.071432
0.0734		-0.003253	-0.071589
0.07345		-0.003301	-0.071386
0.0735		-0.003172	-0.071745
0.07355		-0.00346	-0.068887
0.0736		-0.004281	-0.065517
0.07365		-0.004357	-0.065296
0.0737		-0.004398	-0.065117
0.07375		-0.004399	-0.06517
0.0738		-0.004406	-0.065102
0.07385		-0.004428	-0.065129
0.0739		-0.004384	-0.065215
0.07395		-0.004406	-0.065034
0.074		-0.004436	-0.065248
0.07405		-0.004377	-0.06488
0.0741		-0.004424	-0.065368
0.07415		-0.004387	-0.06449
0.0742		-0.004425	-0.068674
0.07425		-0.004407	-0.080247
0.0743		-0.004401	-0.082248
0.07435		-0.004424	-0.082871
0.0744		-0.004435	-0.082692
0.07445		-0.004417	-0.082871
0.0745		-0.004384	-0.082731
0.07455		-0.00438	-0.082859
0.0746		-0.004321	-0.082792
0.07465		-0.004442	-0.082801
0.0747		-0.004407	-0.082753
0.07475		-0.004398	-0.082741
0.0748		-0.004336	-0.082806
0.07485		-0.004305	-0.082101
0.0749		-0.00238	-0.077778
0.07495		-0.001227	-0.076627
0.075		-0.001189	-0.076388
0.07505		-0.001106	-0.076565
0.0751		-0.001147	-0.076292
0.07515		-0.001134	-0.076509
0.0752		-0.001208	-0.076165
0.07525		-0.001153	-0.076476
0.0753		-0.001164	-0.076026
0.07535		-0.001178	-0.076608
0.0754		-0.001149	-0.075834
0.07545		-0.001158	-0.076874
0.0755		-0.00109	-0.075148
0.07555		-0.001422	-0.091552
0.0756		-0.002136	-0.107209
0.07565		-0.002144	-0.107589
0.0757		-0.00218	-0.109121
0.07575		-0.002145	-0.108236
0.0758		-0.002193	-0.108982
0.07585		-0.002214	-0.108355
0.0759		-0.002218	-0.10888
0.07595		-0.002174	-0.108381
0.076		-0.002145	-0.108901
0.07605		-0.002165	-0.108222
0.0761		-0.002217	-0.10911
0.07615		-0.002251	-0.107937
0.0762		-0.001997	-0.113987
0.07625		-0.00058	-0.122251
0.0763		-0.000163	-0.122848
0.07635		-0.000165	-0.123464
0.0764		-0.000119	-0.123203
0.07645		-0.000111	-0.123342
0.0765		-0.000119	-0.123161
0.07655		-0.00013	-0.123264
0.0766		-0.000193	-0.123186
0.07665		-0.000143	-0.123243
0.0767		-0.00011	-0.123142
0.07675		-0.000107	-0.123117
0.0768		-0.000129	-0.123184
0.07685		-0.000159	-0.122955
0.0769		-0.001357	-0.122247
0.07695		-0.002078	-0.122115
0.077		-0.002091	-0.122086
0.07705		-0.002141	-0.122092
0.0771		-0.002152	-0.122061
0.07715		-0.002187	-0.12207
0.0772		-0.002154	-0.122031
0.07725		-0.002178	-0.122055
0.0773		-0.002148	-0.121952
0.07735		-0.002188	-0.121964
0.0774		-0.002158	-0.121922
0.07745		-0.002125	-0.12195
0.0775		-0.00221	-0.121857
0.07755		-0.00166	-0.124366
0.0776		-0.001101	-0.125974
0.07765		-0.00116	-0.125948
0.0777		-0.001154	-0.126147
0.07775		-0.001141	-0.125992
0.0778		-0.001095	-0.126151
0.07785		-0.001116	-0.125885
0.0779		-0.001146	-0.126122
0.07795		-0.001105	-0.125859
0.078		-0.00116	-0.126086
0.07805		-0.001171	-0.125657
0.0781		-0.001058	-0.12627
0.07815		-0.001146	-0.125291
0.0782		-0.000887	-0.133064
0.07825		-0.000333	-0.140715
0.0783		-0.000162	-0.140977
0.07835		-8.64E-05	-0.141628
0.0784		-0.0001	-0.14138
0.07845		-0.000111	-0.141516
0.0785		-5.76E-05	-0.141453
0.07855		-7.81E-05	-0.141493
0.0786		-0.000122	-0.141432
0.07865		-0.000127	-0.141335
0.0787		-0.000155	-0.141449
0.07875		-0.00013	-0.141173
0.0788		-0.000112	-0.141642
0.07885		-0.000148	-0.138899
0.0789		-0.000925	-0.13302
0.07895		-0.00105	-0.132235
0.079		-0.001034	-0.131831
0.07905		-0.001087	-0.131943
0.0791		-0.00108	-0.131765
0.07915		-0.001105	-0.131892
0.0792		-0.001116	-0.131832
0.07925		-0.001112	-0.131869
0.0793		-0.001167	-0.131792
0.07935		-0.001115	-0.13171
0.0794		-0.001158	-0.131773
0.07945		-0.001065	-0.131658
0.0795		-0.001198	-0.131669
0.07955		0.000968	-0.126982
0.0796		0.002765	-0.123391
0.07965		0.002769	-0.123469
0.0797		0.00288	-0.122985
0.07975		0.002814	-0.123255
0.0798		0.002904	-0.122957
0.07985		0.002776	-0.123321
0.0799		0.002843	-0.122863
0.07995		0.002906	-0.12328
0.08		0.002893	-0.122659
0.08005		0.002849	-0.123495
0.0801		0.002919	-0.1225
0.08015		0.002889	-0.123648
0.0802		0.002887	-0.103088
0.08025		0.002882	-0.087317
0.0803		0.002923	-0.087007
0.08035		0.002912	-0.085469
0.0804		0.002832	-0.086455
0.08045		0.002834	-0.085632
0.0805		0.002882	-0.086393
0.08055		0.002893	-0.085571
0.0806		0.002889	-0.086329
0.08065		0.002861	-0.085405
0.0807		0.002846	-0.086411
0.08075		0.002894	-0.085151
0.0808		0.002806	-0.087006
0.08085		0.003042	-0.070402
0.0809		0.003703	-0.054816
0.08095		0.003845	-0.054369
0.081		0.003908	-0.052925
0.08105		0.003887	-0.053671
0.0811		0.003876	-0.052965
0.08115		0.003839	-0.053554
0.0812		0.003895	-0.052992
0.08125		0.003841	-0.053526
0.0813		0.003862	-0.053025
0.08135		0.003877	-0.053563
0.0814		0.003885	-0.052829
0.08145		0.003862	-0.053997
0.0815		0.003891	-0.049244
0.08155		0.003274	-0.028359
0.0816		0.002952	-0.022639
0.08165		0.002886	-0.02188
0.0817		0.002862	-0.021782
0.08175		0.002853	-0.021671
0.0818		0.002832	-0.021689
0.08185		0.00279	-0.021645
0.0819		0.002893	-0.021633
0.08195		0.002879	-0.021634
0.082		0.002873	-0.021689
0.08205		0.002802	-0.021673
0.0821		0.00298	-0.021723
0.08215		0.00279	-0.021154
0.0822		0.005044	-0.015702
0.08225		0.006983	-0.01338
0.0823		0.006964	-0.013338
0.08235		0.007129	-0.013044
0.0824		0.007049	-0.013309
0.08245		0.007149	-0.012999
0.0825		0.007063	-0.013283
0.08255		0.007136	-0.012956
0.0826		0.007111	-0.013398
0.08265		0.007164	-0.012852
0.0827		0.007068	-0.013492
0.08275		0.007081	-0.012567
0.0828		0.007136	-0.014042
0.08285		0.006926	0.001485
0.0829		0.006271	0.015084
0.08295		0.006095	0.015397
0.083		0.006006	0.016604
0.08305		0.006028	0.016008
0.0831		0.006058	0.016519
0.08315		0.006077	0.01616
0.0832		0.006018	0.016411
0.08325		0.006018	0.016164
0.0833		0.006016	0.016369
0.08335		0.006079	0.01616
0.0834		0.005972	0.016347
0.08345		0.00609	0.016097
0.0835		0.005543	0.016698
0.08355		0.002699	0.017984
0.0836		0.002004	0.018384
0.08365		0.001797	0.018382
0.0837		0.00181	0.018424
0.08375		0.00179	0.018328
0.0838		0.001837	0.018441
0.08385		0.001779	0.018373
0.0839		0.001805	0.018415
0.08395		0.001775	0.018324
0.084		0.001775	0.018414
0.08405		0.001731	0.018326
0.0841		0.001859	0.018351
0.08415		0.001733	0.018551
0.0842		0.003642	0.022453
0.08425		0.004922	0.024543
0.0843		0.004968	0.024535
0.08435		0.005059	0.024771
0.0844		0.004996	0.024617
0.08445		0.004971	0.024727
0.0845		0.004997	0.024612
0.08455		0.005031	0.024807
0.0846		0.005008	0.024574
0.08465		0.004974	0.024855
0.0847		0.005057	0.024542
0.08475		0.004987	0.024846
0.0848		0.00514	0.024515
0.08485		0.004061	0.032636
0.0849		0.002136	0.038904
0.08495		0.001903	0.038854
0.085		0.001714	0.039547
0.08505		0.001818	0.039067
0.0851		0.001753	0.039504
0.08515		0.00177	0.039069
0.0852		0.001738	0.039544
0.08525		0.001838	0.039074
0.0853		0.001771	0.039634
0.08535		0.001767	0.038909
0.0854		0.00179	0.039932
0.08545		0.00177	0.038136
0.0855		0.001771	0.045744
0.08555		0.001786	0.064479
0.0856		0.001795	0.067682
0.08565		0.001734	0.068637
0.0857		0.001771	0.068406
0.08575		0.001737	0.06866
0.0858		0.001742	0.068506
0.08585		0.001756	0.068552
0.0859		0.001777	0.068499
0.08595		0.001811	0.068393
0.086		0.001766	0.068574
0.08605		0.001759	0.068189
0.0861		0.00177	0.068979
0.08615		0.001892	0.064955
0.0862		0.003235	0.054069
0.08625		0.003806	0.052312
0.0863		0.00385	0.051545
0.08635		0.003869	0.051887
0.0864		0.00383	0.051604
0.08645		0.003902	0.051849
0.0865		0.003859	0.051547
0.08655		0.003836	0.051798
0.0866		0.003814	0.051475
0.08665		0.00377	0.051909
0.0867		0.003833	0.051416
0.08675		0.003811	0.051985
0.0868		0.003895	0.051605
0.08685		0.003377	0.069046
0.0869		0.002917	0.080124
0.08695		0.002845	0.080183
0.087		0.002766	0.081308
0.08705		0.002804	0.080715
0.0871		0.002799	0.081136
0.08715		0.002773	0.080618
0.0872		0.002791	0.081151
0.08725		0.002795	0.080637
0.0873		0.002849	0.081207
0.08735		0.002719	0.080563
0.0874		0.00281	0.081366
0.08745		0.002664	0.080065
0.0875		0.003605	0.087778
0.08755		0.005634	0.098398
0.0876		0.005936	0.099125
0.08765		0.006022	0.099962
0.0877		0.005957	0.099555
0.08775		0.005989	0.099912
0.0878		0.006007	0.099542
0.08785		0.006018	0.099875
0.0879		0.006016	0.099507
0.08795		0.005979	0.099935
0.088		0.005985	0.099433
0.08805		0.005984	0.099987
0.0881		0.005933	0.098973
0.08815		0.005889	0.103406
0.0882		0.005301	0.11252
0.08825		0.005015	0.113807
0.0883		0.004998	0.114286
0.08835		0.004965	0.114098
0.0884		0.005016	0.114238
0.08845		0.004963	0.114125
0.0885		0.004967	0.114276
0.08855		0.004924	0.114024
0.0886		0.004987	0.114094
0.08865		0.004994	0.114105
0.0887		0.005071	0.114053
0.08875		0.004956	0.11431
0.0888		0.005038	0.11254
0.08885		0.001949	0.098675
0.0889		-2.88E-05	0.093674
0.08895		-0.000133	0.093316
0.089		-0.00028	0.093037
0.08905		-0.000234	0.093093
0.0891		-0.000247	0.093035
0.08915		-0.000182	0.092978
0.0892		-0.000173	0.092982
0.08925		-0.000212	0.092926
0.0893		-0.000219	0.093041
0.08935		-0.000239	0.09281
0.0894		-0.000125	0.093041
0.08945		-0.000287	0.092668
0.0895		0.000441	0.098294
0.08955		0.002348	0.1029
0.0896		0.002683	0.102987
0.08965		0.002809	0.103349
0.0897		0.002725	0.103185
0.08975		0.002756	0.103257
0.0898		0.002723	0.103253
0.08985		0.002738	0.103251
0.0899		0.002797	0.103225
0.08995		0.002727	0.103174
0.09		0.002819	0.103251
0.09005		0.002731	0.103131
0.0901		0.002856	0.103281
0.09015		0.002422	0.102586
0.0902		0.001042	0.102271
0.09025		0.000781	0.102028
0.0903		0.000648	0.102137
0.09035		0.000738	0.101912
0.0904		0.000696	0.102229
0.09045		0.000672	0.10178
0.0905		0.000727	0.102285
0.09055		0.000684	0.101642
0.0906		0.00068	0.102409
0.09065		0.000698	0.101358
0.0907		0.000609	0.102969
0.09075		0.000718	0.099879
0.0908		0.000557	0.114143
0.09085		-0.00068	0.162038
0.0909		-0.001106	0.171975
0.09095		-0.001176	0.174563
0.091		-0.001171	0.173939
0.09105		-0.001223	0.174851
0.0911		-0.001254	0.173969
0.09115		-0.00123	0.174788
0.0912		-0.001242	0.173773
0.09125		-0.001276	0.174888
0.0913		-0.001228	0.173569
0.09135		-0.001309	0.175174
0.0914		-0.001227	0.172992
0.09145		-0.001341	0.175583
0.0915		-0.000548	0.131299
0.09155		0.000496	0.098149
0.0916		0.000627	0.097535
0.09165		0.000676	0.094542
0.0917		0.000698	0.096116
0.09175		0.000707	0.094664
0.0918		0.000757	0.095772
0.09185		0.000739	0.094726
0.0919		0.000702	0.095623
0.09195		0.000669	0.094863
0.092		0.000692	0.095637
0.09205		0.000589	0.094743
0.0921		0.000875	0.095699
0.09215		-0.000584	0.087416
0.0922		-0.002968	0.081101
0.09225		-0.003134	0.080676
0.0923		-0.003385	0.080354
0.09235		-0.003316	0.080391
0.0924		-0.003324	0.080289
0.09245		-0.003289	0.080368
0.0925		-0.003319	0.080215
0.09255		-0.003323	0.080297
0.0926		-0.0033	0.080202
0.09265		-0.003267	0.080186
0.0927		-0.003329	0.080175
0.09275		-0.003276	0.080231
0.0928		-0.00343	0.080321
0.09285		-0.004232	0.081099
0.0929		-0.004443	0.081149
0.09295		-0.004414	0.081221
0.093		-0.004396	0.081112
0.09305		-0.004457	0.081186
0.0931		-0.00444	0.081137
0.09315		-0.004435	0.081169
0.0932		-0.004495	0.081038
0.09325		-0.004494	0.081129
0.0933		-0.004431	0.081018
0.09335		-0.004454	0.081115
0.0934		-0.004432	0.081048
0.09345		-0.004465	0.080153
0.0935		-0.00387	0.062132
0.09355		-0.003315	0.053528
0.0936		-0.003276	0.053278
0.09365		-0.003294	0.052559
0.0937		-0.003294	0.052854
0.09375		-0.003285	0.052573
0.0938		-0.003304	0.052881
0.09385		-0.003255	0.052646
0.0939		-0.003293	0.052751
0.09395		-0.003359	0.052647
0.094		-0.003248	0.05272
0.09405		-0.003367	0.052607
0.0941		-0.003156	0.052759
0.09415		-0.003747	0.050933
0.0942		-0.005194	0.049604
0.09425		-0.0054	0.049595
0.0943		-0.005519	0.049451
0.09435		-0.00546	0.049542
0.0944		-0.005456	0.049381
0.09445		-0.005484	0.049546
0.0945		-0.005488	0.049288
0.09455		-0.005414	0.049486
0.0946		-0.005485	0.04925
0.09465		-0.005527	0.04961
0.0947		-0.005473	0.049077
0.09475		-0.005592	0.049912
0.0948		-0.005002	0.043711
0.09485		-0.003527	0.03651
0.0949		-0.003318	0.036296
0.09495		-0.003315	0.035628
0.095		-0.003292	0.035897
0.09505		-0.003311	0.035554
0.0951		-0.003327	0.035788
0.09515		-0.003315	0.035575
0.0952		-0.00326	0.035829
0.09525		-0.003268	0.035576
0.0953		-0.003272	0.03584
0.09535		-0.003268	0.03552
0.0954		-0.00329	0.036044
0.09545		-0.00323	0.033916
0.0955		-0.003246	0.028533
0.09555		-0.003226	0.027648
0.0956		-0.003246	0.027303
0.09565		-0.003279	0.027343
0.0957		-0.003316	0.02727
0.09575		-0.003294	0.027352
0.0958		-0.003307	0.027271
0.09585		-0.003241	0.027382
0.0959		-0.003197	0.027248
0.09595		-0.003238	0.027384
0.096		-0.003246	0.02723
0.09605		-0.003359	0.027317
0.0961		-0.00315	0.027953
0.09615		-0.00415	0.038258
0.0962		-0.005307	0.042432
0.09625		-0.005358	0.042812
0.0963		-0.005481	0.042857
0.09635		-0.005422	0.043023
0.0964		-0.005441	0.042785
0.09645		-0.005415	0.043131
0.0965		-0.00543	0.042652
0.09655		-0.005434	0.043237
0.0966		-0.005408	0.042457
0.09665		-0.005427	0.043584
0.0967		-0.005422	0.041931
0.09675		-0.005482	0.044527
0.0968		-0.005208	0.022266
0.09685		-0.004539	-0.001169
0.0969		-0.004428	-0.001815
0.09695		-0.004406	-0.004074
0.097		-0.004473	-0.00281
0.09705		-0.004409	-0.003908
0.0971		-0.004375	-0.003065
0.09715		-0.004442	-0.003961
0.0972		-0.004436	-0.003027
0.09725		-0.004407	-0.003984
0.0973		-0.004396	-0.002935
0.09735		-0.004414	-0.0042
0.0974		-0.004369	-0.002152
0.09745		-0.004631	-0.012181
0.0975		-0.006022	-0.029128
0.09755		-0.006397	-0.030858
0.0976		-0.006493	-0.031994
0.09765		-0.00651	-0.031584
0.0977		-0.006556	-0.031991
0.09775		-0.006504	-0.031658
0.0978		-0.00648	-0.032026
0.09785		-0.006482	-0.031612
0.0979		-0.006516	-0.031967
0.09795		-0.006493	-0.031654
0.098		-0.006497	-0.03213
0.09805		-0.00638	-0.031309
0.0981		-0.006593	-0.034572
0.09815		-0.004702	-0.051926
0.0982		-0.003301	-0.057303
0.09825		-0.00329	-0.0578
0.0983		-0.003156	-0.058088
0.09835		-0.00325	-0.058024
0.0984		-0.003218	-0.058111
0.09845		-0.00325	-0.057992
0.0985		-0.003201	-0.058115
0.09855		-0.003226	-0.058013
0.0986		-0.00326	-0.058087
0.09865		-0.003223	-0.057873
0.0987		-0.003181	-0.058088
0.09875		-0.003191	-0.058298
0.0988		-0.003185	-0.070114
0.09885		-0.003187	-0.076291
0.0989		-0.003213	-0.076494
0.09895		-0.003209	-0.076901
0.099		-0.003201	-0.076749
0.09905		-0.003149	-0.076891
0.0991		-0.003218	-0.0768
0.09915		-0.0032	-0.076812
0.0992		-0.003191	-0.076883
0.09925		-0.003176	-0.076738
0.0993		-0.003246	-0.076923
0.09935		-0.003238	-0.076532
0.0994		-0.003309	-0.077115
0.09945		-0.003032	-0.072611
0.0995		-0.002317	-0.067811
0.09955		-0.0022	-0.067597
0.0996		-0.002211	-0.067221
0.09965		-0.002273	-0.067309
0.0997		-0.002224	-0.067262
0.09975		-0.002198	-0.067246
0.0998		-0.002221	-0.067302
0.09985		-0.002182	-0.067106
0.0999		-0.002232	-0.067333
0.09995		-0.002236	-0.066945
