0.00E+00	0.000684	0.001445
5.00E-05	0.000627	0.001062
1.00E-04	0.000591	0.001364
0.00015		0.000607	0.001135
0.0002		0.000609	0.001397
0.00025		0.000587	0.00111
0.0003		0.000542	0.001296
0.00035		0.000592	0.001158
0.0004		0.000568	0.001302
0.00045		0.000585	0.001149
0.0005		0.000609	0.001335
0.00055		0.000607	0.001238
0.0006		0.000542	0.001279
0.00065		0.000587	0.001167
0.0007		0.000581	0.001208
0.00075		0.000535	0.001179
0.0008		0.000594	0.001239
0.00085		0.000583	0.001163
0.0009		0.000633	0.001279
0.00095		0.000628	0.001142
0.001		0.000633	0.001411
0.00105		0.000603	0.000506
0.0011		0.00062	-0.00146
0.00115		0.000576	-0.00173
0.0012		0.000647	-0.001855
0.00125		0.000628	-0.001847
0.0013		0.000611	-0.001858
0.00135		0.000603	-0.001873
0.0014		0.000625	-0.001808
0.00145		0.000551	-0.001763
0.0015		0.000637	-0.001844
0.00155		0.000607	-0.001799
0.0016		0.000651	-0.001814
0.00165		-0.001083	-0.001943
0.0017		-0.002272	-0.001297
0.00175		-0.002276	0.002872
0.0018		-0.002342	0.004214
0.00185		-0.002389	0.004383
0.0019		-0.00228	0.004418
0.00195		-0.002315	0.004481
0.002		-0.002287	0.004443
0.00205		-0.002311	0.004454
0.0021		-0.002304	0.004447
0.00215		-0.002437	0.004473
0.0022		-0.002321	0.00439
0.00225		-0.002524	0.004505
0.0023		-0.001172	0.004394
0.00235		0.001313	0.004231
0.0024		0.001504	-0.004869
0.00245		0.001678	-0.009746
0.0025		0.001625	-0.009829
0.00255		0.001688	-0.010253
0.0026		0.001622	-0.010038
0.00265		0.001693	-0.010272
0.0027		0.001608	-0.010117
0.00275		0.001667	-0.010237
0.0028		0.001616	-0.010116
0.00285		0.001701	-0.010172
0.0029		0.001575	-0.010099
0.00295		0.001812	-0.010171
0.003		0.002513	-0.010221
0.00305		0.002697	-0.009352
0.0031		0.002723	-0.008138
0.00315		0.002639	-0.008168
0.0032		0.002677	-0.007936
0.00325		0.00265	-0.008217
0.0033		0.002654	-0.008006
0.00335		0.002699	-0.008254
0.0034		0.002662	-0.007954
0.00345		0.002614	-0.00826
0.0035		0.002729	-0.007848
0.00355		0.002629	-0.008464
0.0036		0.002721	-0.007635
0.00365		0.001572	-0.009073
0.0037		0.00071	-0.002309
0.00375		0.000625	0.015462
0.0038		0.000589	0.018407
0.00385		0.000624	0.019363
0.0039		0.000596	0.01915
0.00395		0.000588	0.019444
0.004		0.00058	0.019132
0.00405		0.000613	0.019419
0.0041		0.000665	0.019191
0.00415		0.000598	0.019383
0.0042		0.000659	0.019215
0.00425		0.000518	0.019415
0.0043		0.001537	0.019182
0.00435		0.002576	0.019256
0.0044		0.002624	0.01419
0.00445		0.002709	0.011104
0.0045		0.002617	0.010986
0.00455		0.002638	0.010763
0.0046		0.002606	0.010789
0.00465		0.002658	0.010733
0.0047		0.002662	0.010784
0.00475		0.00265	0.010825
0.0048		0.002679	0.010737
0.00485		0.002533	0.010785
0.0049		0.002714	0.010704
0.00495		0.002034	0.010851
0.005		0.000118	0.010612
0.00505		-0.000204	0.01335
0.0051		-0.000352	0.015791
0.00515		-0.000276	0.015857
0.0052		-0.000234	0.016086
0.00525		-0.000274	0.015892
0.0053		-0.000284	0.015988
0.00535		-0.000232	0.015934
0.0054		-0.000289	0.016015
0.00545		-0.00027	0.015941
0.0055		-0.00028	0.015972
0.00555		-0.000265	0.015934
0.0056		-0.000278	0.015957
0.00565		-0.000226	0.016074
0.0057		-0.000295	0.015626
0.00575		-0.000281	0.014277
0.0058		-0.000259	0.013939
0.00585		-0.000335	0.013938
0.0059		-0.000367	0.013865
0.00595		-0.000352	0.013885
0.006		-0.000325	0.013813
0.00605		-0.000354	0.013871
0.0061		-0.000288	0.013746
0.00615		-0.000256	0.013916
0.0062		-0.000308	0.01375
0.00625		-0.000297	0.014041
0.0063		-0.000304	0.013451
0.00635		-0.000307	0.015894
0.0064		-0.000352	0.024347
0.00645		-0.000282	0.026236
0.0065		-0.000288	0.026567
0.00655		-0.000247	0.026527
0.0066		-0.000295	0.026542
0.00665		-0.000292	0.026627
0.0067		-0.000302	0.026535
0.00675		-0.000287	0.026609
0.0068		-0.000373	0.026502
0.00685		-0.000255	0.026657
0.0069		-0.000369	0.026437
0.00695		0.000384	0.026641
0.007		0.001467	0.026306
0.00705		0.001603	0.031627
0.0071		0.001678	0.0356
0.00715		0.001589	0.035609
0.0072		0.001585	0.036
0.00725		0.001637	0.035852
0.0073		0.001644	0.035882
0.00735		0.001605	0.035846
0.0074		0.00163	0.035882
0.00745		0.001646	0.035989
0.0075		0.001644	0.035805
0.00755		0.001651	0.035986
0.0076		0.00139	0.035705
0.00765		0.000101	0.036241
0.0077		-0.000247	0.03166
0.00775		-0.00025	0.026055
0.0078		-0.000289	0.025857
0.00785		-0.00028	0.025295
0.0079		-0.00033	0.025558
0.00795		-0.000303	0.025232
0.008		-0.000291	0.025493
0.00805		-0.000326	0.025262
0.0081		-0.000299	0.025541
0.00815		-0.000333	0.025174
0.0082		-0.00027	0.025563
0.00825		-0.00033	0.025181
0.0083		0.000794	0.025888
0.00835		0.001534	0.022876
0.0084		0.001583	0.014577
0.00845		0.001572	0.013073
0.0085		0.001557	0.012608
0.00855		0.001614	0.0127
0.0086		0.001642	0.012675
0.00865		0.001589	0.012651
0.0087		0.001586	0.012637
0.00875		0.001604	0.012585
0.0088		0.001626	0.012656
0.00885		0.001555	0.012541
0.0089		0.001666	0.012666
0.00895		6.17E-05	0.012621
0.009		-0.001235	0.011941
0.00905		-0.001261	0.000148
0.0091		-0.001327	-0.004602
0.00915		-0.001291	-0.005156
0.0092		-0.001382	-0.005152
0.00925		-0.001276	-0.005427
0.0093		-0.001319	-0.005037
0.00935		-0.001293	-0.00551
0.0094		-0.001313	-0.004842
0.00945		-0.001294	-0.005789
0.0095		-0.001298	-0.004595
0.00955		-0.001256	-0.006224
0.0096		-0.001556	-0.003856
0.00965		-0.002218	-0.007386
0.0097		-0.002313	0.028422
0.00975		-0.002309	0.060955
0.0098		-0.002374	0.061917
0.00985		-0.002433	0.064633
0.0099		-0.00237	0.06344
0.00995		-0.002403	0.06445
0.01		-0.00235	0.06368
0.01005		-0.002376	0.064128
0.0101		-0.002339	0.063886
0.01015		-0.002411	0.063908
0.0102		-0.002385	0.064153
0.01025		-0.002283	0.063466
0.0103		-0.000975	0.065163
0.01035		-0.000354	0.05635
0.0104		-0.000287	0.027129
0.01045		-0.000295	0.021489
0.0105		-0.000326	0.019918
0.01055		-0.000284	0.020239
0.0106		-0.000354	0.019696
0.01065		-0.000296	0.020084
0.0107		-0.000328	0.019737
0.01075		-0.000271	0.019981
0.0108		-0.000296	0.019741
0.01085		-0.000281	0.020066
0.0109		-0.000292	0.019751
0.01095		-0.000269	0.02021
0.011		-0.000262	0.018062
0.01105		-0.000269	0.005543
0.0111		-0.000251	0.001326
0.01115		-0.000326	0.000995
0.0112		-0.000281	0.000792
0.01125		-0.000245	0.000927
0.0113		-0.000289	0.000803
0.01135		-0.000273	0.000886
0.0114		-0.000287	0.000773
0.01145		-0.000319	0.000919
0.0115		-0.000306	0.000769
0.01155		-0.000341	0.000842
0.0116		9.05E-05	0.000733
0.01165		0.000536	0.000764
0.0117		0.000559	-0.002528
0.01175		0.00062	-0.004179
0.0118		0.000583	-0.004299
0.01185		0.000558	-0.004354
0.0119		0.000574	-0.004392
0.01195		0.0006	-0.004376
0.012		0.000605	-0.004362
0.01205		0.000589	-0.00425
0.0121		0.000591	-0.004442
0.01215		0.000566	-0.004336
0.0122		0.000618	-0.004539
0.01225		0.00048	-0.004198
0.0123		-0.000122	-0.004756
0.01235		-0.000226	-0.000372
0.0124		-0.000296	0.004492
0.01245		-0.000314	0.004699
0.0125		-0.000319	0.005127
0.01255		-0.000266	0.004939
0.0126		-0.000366	0.005078
0.01265		-0.000221	0.005061
0.0127		-0.000274	0.005011
0.01275		-0.000296	0.004991
0.0128		-0.000296	0.004931
0.01285		-0.000265	0.00502
0.0129		-0.000266	0.0049
0.01295		-0.000251	0.005249
0.013		-0.00026	0.003494
0.01305		-0.00026	-0.004262
0.0131		-0.000276	-0.006142
0.01315		-0.000266	-0.006334
0.0132		-0.000265	-0.006421
0.01325		-0.000307	-0.006535
0.0133		-0.000378	-0.00648
0.01335		-0.000361	-0.006445
0.0134		-0.000291	-0.006454
0.01345		-0.000284	-0.006443
0.0135		-0.000324	-0.006401
0.01355		-0.000285	-0.006443
0.0136		-0.000683	-0.00635
0.01365		-0.001243	-0.007779
0.0137		-0.001279	-0.024818
0.01375		-0.001298	-0.032044
0.0138		-0.001337	-0.032401
0.01385		-0.0013	-0.032903
0.0139		-0.001313	-0.032673
0.01395		-0.001283	-0.032796
0.014		-0.001322	-0.032765
0.01405		-0.001337	-0.032755
0.0141		-0.001376	-0.032777
0.01415		-0.001331	-0.032741
0.0142		-0.001387	-0.032848
0.01425		-0.001064	-0.032684
0.0143		-0.000452	-0.033014
0.01435		-0.000328	-0.029335
0.0144		-0.000258	-0.025561
0.01445		-0.000315	-0.025508
0.0145		-0.000329	-0.025203
0.01455		-0.000328	-0.025437
0.0146		-0.000333	-0.02524
0.01465		-0.000361	-0.025407
0.0147		-0.000335	-0.025292
0.01475		-0.000345	-0.025465
0.0148		-0.000313	-0.025293
0.01485		-0.000288	-0.025356
0.0149		-0.000348	-0.025153
0.01495		-0.000345	-0.025443
0.015		-0.000367	-0.024493
0.01505		-0.00027	-0.022531
0.0151		-0.000244	-0.022247
0.01515		-0.000244	-0.022114
0.0152		-0.000233	-0.022184
0.01525		-0.00024	-0.022124
0.0153		-0.00025	-0.022176
0.01535		-0.000269	-0.022144
0.0154		-0.000233	-0.022154
0.01545		-0.000291	-0.022096
0.0155		-0.000303	-0.0221
0.01555		-0.000302	-0.022181
0.0156		-0.00033	-0.022062
0.01565		-0.000263	-0.022835
0.0157		-0.000251	-0.030386
0.01575		-0.000276	-0.033292
0.0158		-0.000291	-0.033527
0.01585		-0.000296	-0.033669
0.0159		-0.000345	-0.033634
0.01595		-0.000271	-0.033679
0.016		-0.000332	-0.033669
0.01605		-0.000321	-0.033578
0.0161		-0.000365	-0.033694
0.01615		-0.000348	-0.033587
0.0162		-0.000269	-0.033741
0.01625		-0.000271	-0.033494
0.0163		-0.000287	-0.033502
0.01635		-0.000326	-0.023294
0.0164		-0.000269	-0.017175
0.01645		-0.00027	-0.017084
0.0165		-0.000263	-0.016526
0.01655		-0.000269	-0.016788
0.0166		-0.00027	-0.016582
0.01665		-0.000266	-0.016779
0.0167		-0.00026	-0.016655
0.01675		-0.000259	-0.016746
0.0168		-0.000266	-0.01664
0.01685		-0.000308	-0.016733
0.0169		-0.000158	-0.016715
0.01695		0.000452	-0.016622
0.017		0.000605	-0.017217
0.01705		0.000639	-0.017733
0.0171		0.000624	-0.01774
0.01715		0.00067	-0.017833
0.0172		0.000672	-0.017845
0.01725		0.000637	-0.017823
0.0173		0.000618	-0.017814
0.01735		0.000581	-0.017831
0.0174		0.000613	-0.01784
0.01745		0.000672	-0.017746
0.0175		0.000609	-0.017942
0.01755		0.000484	-0.017649
0.0176		-0.0001	-0.018037
0.01765		-0.000228	-0.016134
0.0177		-0.000287	-0.012116
0.01775		-0.000299	-0.01162
0.0178		-0.000295	-0.011332
0.01785		-0.000332	-0.011406
0.0179		-0.000269	-0.011385
0.01795		-0.000303	-0.01144
0.018		-0.000281	-0.011405
0.01805		-0.000356	-0.011362
0.0181		-0.000317	-0.011383
0.01815		-0.000384	-0.011448
0.0182		-0.000321	-0.01137
0.01825		-0.000755	-0.011466
0.0183		-0.001227	-0.010646
0.01835		-0.001274	-0.004346
0.0184		-0.0013	-0.002274
0.01845		-0.001258	-0.001956
0.0185		-0.00132	-0.002037
0.01855		-0.001304	-0.001823
0.0186		-0.001285	-0.002119
0.01865		-0.001339	-0.001738
0.0187		-0.001304	-0.002244
0.01875		-0.001312	-0.001607
0.0188		-0.001237	-0.002405
0.01885		-0.001348	-0.001349
0.0189		-0.000766	-0.002832
0.01895		0.001179	-0.000399
0.019		0.001589	-0.017565
0.01905		0.001655	-0.037537
0.0191		0.001618	-0.038496
0.01915		0.001637	-0.040089
0.0192		0.001618	-0.039438
0.01925		0.001663	-0.039958
0.0193		0.001659	-0.039496
0.01935		0.001588	-0.039778
0.0194		0.001611	-0.03969
0.01945		0.001626	-0.039652
0.0195		0.001674	-0.039836
0.01955		0.001567	-0.03933
0.0196		0.000868	-0.040431
0.01965		0.000637	-0.034698
0.0197		0.000581	-0.0196
0.01975		0.00062	-0.017339
0.0198		0.000609	-0.016484
0.01985		0.000596	-0.016714
0.0199		0.000633	-0.016407
0.01995		0.000646	-0.016715
0.02		0.000632	-0.016454
0.02005		0.000609	-0.016677
0.0201		0.000618	-0.016455
0.02015		0.000639	-0.016576
0.0202		0.000677	-0.016393
0.02025		0.00119	-0.016562
0.0203		0.001616	-0.016232
0.02035		0.001593	-0.014884
0.0204		0.00157	-0.014397
0.02045		0.001635	-0.014375
0.0205		0.001673	-0.014358
0.02055		0.001615	-0.014342
0.0206		0.001642	-0.014322
0.02065		0.001615	-0.014378
0.0207		0.00164	-0.01433
0.02075		0.001651	-0.014401
0.0208		0.001637	-0.01432
0.02085		0.001509	-0.014436
0.0209		0.001963	-0.014329
0.02095		0.002544	-0.014377
0.021		0.002639	-0.011347
0.02105		0.002672	-0.009296
0.0211		0.002649	-0.009311
0.02115		0.002634	-0.009095
0.0212		0.002669	-0.009191
0.02125		0.002684	-0.009044
0.0213		0.002692	-0.009147
0.02135		0.002664	-0.00907
0.0214		0.002684	-0.009215
0.02145		0.00261	-0.009014
0.0215		0.002712	-0.009218
0.02155		0.002104	-0.008959
0.0216		0.000182	-0.009395
0.02165		-0.000218	-0.007673
0.0217		-0.00028	-0.004436
0.02175		-0.000284	-0.004007
0.0218		-0.000344	-0.003899
0.02185		-0.000278	-0.003856
0.0219		-0.000285	-0.003823
0.02195		-0.000267	-0.003848
0.022		-0.000229	-0.003858
0.02205		-0.000317	-0.003834
0.0221		-0.000315	-0.003919
0.02215		-0.000302	-0.003829
0.0222		-0.000274	-0.004054
0.02225		-0.000317	-0.003597
0.0223		-0.0003	-0.005931
0.02235		-0.000296	-0.011198
0.0224		-0.000343	-0.011935
0.02245		-0.000324	-0.012282
0.0225		-0.000302	-0.012185
0.02255		-0.000424	-0.012257
0.0226		-0.000299	-0.012204
0.02265		-0.000307	-0.012176
0.0227		-0.000267	-0.012185
0.02275		-0.000333	-0.01222
0.0228		-0.000203	-0.012172
0.02285		-0.000373	-0.012182
0.0229		0.001119	-0.0123
0.02295		0.002587	-0.01165
0.023		0.002594	-0.007677
0.02305		0.002638	-0.006059
0.0231		0.002598	-0.006095
0.02315		0.002719	-0.005822
0.0232		0.00265	-0.006007
0.02325		0.002686	-0.005809
0.0233		0.002658	-0.00609
0.02335		0.002691	-0.005759
0.0234		0.002625	-0.00617
0.02345		0.002687	-0.005628
0.0235		0.002725	-0.006345
0.02355		0.002538	-0.005351
0.0236		0.001881	-0.007057
0.02365		0.001725	0.001943
0.0237		0.001622	0.016248
0.02375		0.001585	0.017467
0.0238		0.001575	0.018435
0.02385		0.001614	0.018103
0.0239		0.001615	0.018441
0.02395		0.001608	0.018133
0.024		0.001609	0.018341
0.02405		0.001619	0.018239
0.0241		0.001545	0.01827
0.02415		0.001608	0.018367
0.0242		0.001649	0.018074
0.02425		0.00164	0.018665
0.0243		0.001605	0.015397
0.02435		0.001578	0.009568
0.0244		0.001612	0.009047
0.02445		0.001656	0.008668
0.0245		0.001651	0.008822
0.02455		0.001615	0.008545
0.0246		0.001605	0.008779
0.02465		0.001597	0.008704
0.0247		0.001564	0.008782
0.02475		0.001592	0.008672
0.0248		0.001626	0.008713
0.02485		0.001575	0.008645
0.0249		0.000365	0.00874
0.02495		-0.000296	0.009084
0.025		-0.000303	0.015349
0.02505		-0.000355	0.017926
0.0251		-0.000296	0.018121
0.02515		-0.000325	0.018243
0.0252		-0.000258	0.018181
0.02525		-0.000302	0.018217
0.0253		-0.00028	0.018236
0.02535		-0.000359	0.018191
0.0254		-0.000303	0.018292
0.02545		-0.000335	0.018163
0.0255		-0.000236	0.018374
0.02555		-0.000861	0.018125
0.0256		-0.002114	0.018403
0.02565		-0.002309	0.015609
0.0257		-0.002402	0.013126
0.02575		-0.002402	0.013048
0.0258		-0.002395	0.012958
0.02585		-0.002388	0.012876
0.0259		-0.002428	0.01297
0.02595		-0.002368	0.012839
0.026		-0.002374	0.01298
0.02605		-0.002379	0.012767
0.0261		-0.002428	0.013163
0.02615		-0.00237	0.012636
0.0262		-0.002383	0.013299
0.02625		-0.00238	0.012046
0.0263		-0.002362	0.020176
0.02635		-0.002295	0.03165
0.0264		-0.002395	0.03226
0.02645		-0.002407	0.033225
0.0265		-0.00235	0.032721
0.02655		-0.002396	0.033176
0.0266		-0.002384	0.032767
0.02665		-0.002366	0.033164
0.0267		-0.002374	0.032747
0.02675		-0.002372	0.03321
0.0268		-0.002384	0.032754
0.02685		-0.002277	0.03322
0.0269		0.000252	0.032395
0.02695		0.001482	0.036078
0.027		0.001566	0.043965
0.02705		0.001637	0.045059
0.0271		0.001623	0.045502
0.02715		0.001592	0.045366
0.0272		0.001571	0.045499
0.02725		0.001626	0.045384
0.0273		0.001653	0.045529
0.02735		0.001597	0.0453
0.0274		0.001653	0.045447
0.02745		0.001586	0.045359
0.0275		0.001668	0.045561
0.02755		0.000766	0.045245
0.0276		-0.000254	0.045082
0.02765		-0.000178	0.032689
0.0277		-0.000271	0.026101
0.02775		-0.000315	0.025975
0.0278		-0.000325	0.02536
0.02785		-0.000313	0.025588
0.0279		-0.00035	0.025356
0.02795		-0.000304	0.025536
0.028		-0.000325	0.025388
0.02805		-0.000219	0.025506
0.0281		-0.00021	0.025395
0.02815		-0.000214	0.025508
0.0282		-0.000387	0.025362
0.02825		-0.001097	0.025524
0.0283		-0.001309	0.023278
0.02835		-0.001334	0.021312
0.0284		-0.001286	0.021377
0.02845		-0.001302	0.021202
0.0285		-0.0013	0.021264
0.02855		-0.001338	0.02102
0.0286		-0.001283	0.021207
0.02865		-0.001293	0.020998
0.0287		-0.001328	0.02134
0.02875		-0.001346	0.020958
0.0288		-0.001334	0.02136
0.02885		-0.00132	0.020783
0.0289		-0.001265	0.021848
0.02895		-0.001275	0.016056
0.029		-0.001276	0.005729
0.02905		-0.001285	0.004842
0.0291		-0.001311	0.004009
0.02915		-0.001287	0.004476
0.0292		-0.001322	0.003928
0.02925		-0.001279	0.004465
0.0293		-0.001287	0.003998
0.02935		-0.001328	0.004429
0.0294		-0.001323	0.003841
0.02945		-0.001374	0.004517
0.0295		-0.001294	0.003677
0.02955		-0.00183	0.004706
0.0296		-0.002267	0.004203
0.02965		-0.002314	0.036393
0.0297		-0.002409	0.056125
0.02975		-0.002363	0.056544
0.0298		-0.002396	0.058173
0.02985		-0.002377	0.057482
0.0299		-0.002352	0.058043
0.02995		-0.002374	0.057571
0.03		-0.002336	0.057937
0.03005		-0.002379	0.057688
0.0301		-0.002324	0.057806
0.03015		-0.0024	0.057795
0.0302		-0.002069	0.057644
0.03025		-0.001448	0.057533
0.0303		-0.001341	0.041375
0.03035		-0.00132	0.031259
0.0304		-0.001328	0.031309
0.03045		-0.0013	0.030172
0.0305		-0.001346	0.030859
0.03055		-0.001324	0.030268
0.0306		-0.001342	0.030762
0.03065		-0.001315	0.030223
0.0307		-0.001313	0.030819
0.03075		-0.001269	0.030128
0.0308		-0.001337	0.030782
0.03085		-0.001168	0.029908
0.0309		-0.000546	0.031436
0.03095		-0.00035	0.024271
0.031		-0.00027	0.010608
0.03105		-0.000297	0.009045
0.0311		-0.000296	0.008112
0.03115		-0.000329	0.008445
0.0312		-0.000358	0.008101
0.03125		-0.000296	0.00836
0.0313		-0.000356	0.008173
0.03135		-0.000361	0.008283
0.0314		-0.000376	0.008135
0.03145		-0.000374	0.008331
0.0315		-0.00027	0.008051
0.03155		0.00027	0.008402
0.0316		0.000559	0.006772
0.03165		0.000557	-0.003677
0.0317		0.000561	-0.00709
0.03175		0.000569	-0.007312
0.0318		0.000557	-0.007525
0.03185		0.000539	-0.007488
0.0319		0.00065	-0.007552
0.03195		0.000592	-0.007515
0.032		0.000606	-0.007536
0.03205		0.000546	-0.007543
0.0321		0.000568	-0.007581
0.03215		0.000547	-0.007621
0.0322		0.000602	-0.007517
0.03225		0.000605	-0.007423
0.0323		0.000655	-0.003434
0.03235		0.000651	-0.001472
0.0324		0.000666	-0.001412
0.03245		0.000629	-0.001298
0.0325		0.00058	-0.001311
0.03255		0.00057	-0.001271
0.0326		0.000595	-0.001248
0.03265		0.000546	-0.001319
0.0327		0.000577	-0.001149
0.03275		0.000563	-0.001402
0.0328		0.00065	-0.001034
0.03285		0.000117	-0.001481
0.0329		-0.001093	-0.000913
0.03295		-0.001209	-0.010773
0.033		-0.001408	-0.018503
0.03305		-0.001368	-0.018532
0.0331		-0.001353	-0.019261
0.03315		-0.001327	-0.018869
0.0332		-0.001328	-0.01926
0.03325		-0.001357	-0.01894
0.0333		-0.001305	-0.019182
0.03335		-0.001337	-0.018912
0.0334		-0.001337	-0.019169
0.03345		-0.001397	-0.018927
0.0335		-0.001186	-0.019241
0.03355		-0.000507	-0.018755
0.0336		-0.00031	-0.020738
0.03365		-0.000308	-0.026151
0.0337		-0.000265	-0.027199
0.03375		-0.000293	-0.027511
0.0338		-0.000263	-0.027473
0.03385		-0.000277	-0.027444
0.0339		-0.000347	-0.027377
0.03395		-0.000311	-0.027461
0.034		-0.00027	-0.027415
0.03405		-0.00028	-0.027447
0.0341		-0.000277	-0.027424
0.03415		-0.000295	-0.027473
0.0342		-0.000262	-0.027304
0.03425		-0.000258	-0.028141
0.0343		-0.000254	-0.032961
0.03435		-0.000336	-0.034521
0.0344		-0.000302	-0.034761
0.03445		-0.000245	-0.034615
0.0345		-0.000333	-0.034726
0.03455		-0.000306	-0.034683
0.0346		-0.000236	-0.034779
0.03465		-0.000325	-0.0346
0.0347		-0.000252	-0.034772
0.03475		-0.000366	-0.03462
0.0348		-0.000166	-0.034839
0.03485		-0.001117	-0.034458
0.0349		-0.002207	-0.034901
0.03495		-0.002267	-0.02591
0.035		-0.002315	-0.019485
0.03505		-0.002337	-0.019345
0.0351		-0.002411	-0.018797
0.03515		-0.002433	-0.019105
0.0352		-0.00242	-0.018876
0.03525		-0.002432	-0.018946
0.0353		-0.002421	-0.018965
0.03535		-0.002398	-0.018905
0.0354		-0.002318	-0.01895
0.03545		-0.002422	-0.018823
0.0355		-0.001885	-0.019047
0.03555		9.46E-05	-0.018629
0.0356		0.000441	-0.021316
0.03565		0.00057	-0.025662
0.0357		0.000531	-0.026031
0.03575		0.00055	-0.026345
0.0358		0.000504	-0.026256
0.03585		0.000547	-0.026357
0.0359		0.000568	-0.026358
0.03595		0.00061	-0.026324
0.036		0.000596	-0.026357
0.03605		0.000646	-0.026238
0.0361		0.000607	-0.026323
0.03615		0.00054	-0.026162
0.0362		-6.03E-05	-0.026559
0.03625		-0.000223	-0.024275
0.0363		-0.000276	-0.019634
0.03635		-0.000288	-0.019135
0.0364		-0.000302	-0.018764
0.03645		-0.000237	-0.018875
0.0365		-0.00025	-0.018751
0.03655		-0.000266	-0.018849
0.0366		-0.000326	-0.018765
0.03665		-0.000236	-0.018839
0.0367		-0.000313	-0.018824
0.03675		-0.00021	-0.018855
0.0368		-0.000419	-0.018899
0.03685		0.00078	-0.018897
0.0369		0.002494	-0.018886
0.03695		0.002655	-0.018297
0.037		0.002709	-0.017825
0.03705		0.002646	-0.017825
0.0371		0.00269	-0.017797
0.03715		0.002658	-0.017822
0.0372		0.002676	-0.017844
0.03725		0.002677	-0.017831
0.0373		0.002684	-0.017757
0.03735		0.002649	-0.017862
0.0374		0.002602	-0.017746
0.03745		0.002743	-0.017855
0.0375		0.002092	-0.017639
0.03755		0.000813	-0.017896
0.0376		0.000635	-0.015763
0.03765		0.000583	-0.013639
0.0377		0.000577	-0.01365
0.03775		0.000584	-0.013491
0.0378		0.000616	-0.013634
0.03785		0.000574	-0.013449
0.0379		0.000648	-0.013547
0.03795		0.000605	-0.013346
0.038		0.000647	-0.013506
0.03805		0.000596	-0.013349
0.0381		0.000602	-0.013662
0.03815		0.000569	-0.01327
0.0382		0.000625	-0.013863
0.03825		0.000625	-0.011167
0.0383		0.000627	-0.005225
0.03835		0.000614	-0.004296
0.0384		0.000611	-0.003995
0.03845		0.00055	-0.004107
0.0385		0.000574	-0.004048
0.03855		0.000605	-0.004058
0.0386		0.000618	-0.004095
0.03865		0.000644	-0.003962
0.0387		0.000637	-0.004094
0.03875		0.000581	-0.003858
0.0388		0.000648	-0.004268
0.03885		0.00062	-0.003455
0.0389		0.000635	-0.006994
0.03895		0.000589	-0.02095
0.039		0.000614	-0.024336
0.03905		0.000631	-0.024935
0.0391		0.000631	-0.024903
0.03915		0.000628	-0.025092
0.0392		0.00064	-0.025083
0.03925		0.00064	-0.025063
0.0393		0.000592	-0.025052
0.03935		0.000627	-0.025103
0.0394		0.000621	-0.025048
0.03945		0.000546	-0.025025
0.0395		0.000884	-0.02496
0.03955		0.001541	-0.025216
0.0396		0.001564	-0.02351
0.03965		0.00164	-0.022048
0.0397		0.001618	-0.022021
0.03975		0.001627	-0.021833
0.0398		0.00162	-0.021928
0.03985		0.001652	-0.021737
0.0399		0.00164	-0.021897
0.03995		0.001666	-0.021797
0.04		0.001605	-0.021891
0.04005		0.001646	-0.021775
0.0401		0.001635	-0.021933
0.04015		0.001618	-0.021773
0.0402		0.001586	-0.021976
0.04025		0.001594	-0.020625
0.0403		0.001612	-0.018836
0.04035		0.001597	-0.018757
0.0404		0.001645	-0.01858
0.04045		0.001611	-0.01871
0.0405		0.001593	-0.018636
0.04055		0.001614	-0.018694
0.0406		0.001615	-0.018574
0.04065		0.001598	-0.01865
0.0407		0.001578	-0.01854
0.04075		0.001611	-0.018738
0.0408		0.001641	-0.018496
0.04085		0.002281	-0.018908
0.0409		0.002679	-0.017241
0.04095		0.002668	-0.012426
0.041		0.002743	-0.01148
0.04105		0.002699	-0.011204
0.0411		0.002669	-0.011217
0.04115		0.002713	-0.011196
0.0412		0.002655	-0.011224
0.04125		0.002703	-0.011221
0.0413		0.002655	-0.011198
0.04135		0.002658	-0.011235
0.0414		0.002617	-0.011199
0.04145		0.002756	-0.011247
0.0415		0.001723	-0.011251
0.04155		0.000694	-0.010937
0.0416		0.000668	-0.004942
0.04165		0.000536	-0.002017
0.0417		0.000583	-0.001897
0.04175		0.000566	-0.001737
0.0418		0.000568	-0.001696
0.04185		0.000557	-0.001799
0.0419		0.000585	-0.00184
0.04195		0.000535	-0.001837
0.042		0.00064	-0.001701
0.04205		0.000548	-0.001775
0.0421		0.000661	-0.001686
0.04215		-4.39E-05	-0.001922
0.0422		-0.001145	-0.001575
0.04225		-0.001308	-0.007517
0.0423		-0.001349	-0.011887
0.04235		-0.001306	-0.011895
0.0424		-0.0014	-0.012198
0.04245		-0.001365	-0.01217
0.0425		-0.001374	-0.012212
0.04255		-0.001398	-0.012201
0.0426		-0.001317	-0.012197
0.04265		-0.001356	-0.012202
0.0427		-0.001339	-0.0121
0.04275		-0.001442	-0.012305
0.0428		-0.000906	-0.01195
0.04285		0.002417	-0.012656
0.0429		0.003537	-0.008485
0.04295		0.003703	-0.001631
0.043		0.003674	-0.001045
0.04305		0.003626	-0.00058
0.0431		0.003633	-0.000842
0.04315		0.003689	-0.000624
0.0432		0.00374	-0.000744
0.04325		0.003708	-0.000625
0.0433		0.00367	-0.000706
0.04335		0.003707	-0.000618
0.0434		0.003625	-0.000776
0.04345		0.003682	-0.000642
0.0435		0.001848	-0.000827
0.04355		0.000703	0.000101
0.0436		0.000635	0.00775
0.04365		0.000552	0.010509
0.0437		0.000628	0.010697
0.04375		0.000587	0.010899
0.0438		0.000592	0.010816
0.04385		0.000529	0.010958
0.0439		0.000617	0.010908
0.04395		0.00055	0.010875
0.044		0.000526	0.010843
0.04405		0.000526	0.010878
0.0441		0.000563	0.010897
0.04415		0.000561	0.010912
0.0442		0.000589	0.010903
0.04425		0.00061	0.010353
0.0443		0.000555	0.009846
0.04435		0.000509	0.009738
0.0444		0.000506	0.009766
0.04445		0.000535	0.009765
0.0445		0.000603	0.00978
0.04455		0.000661	0.009703
0.0446		0.000562	0.009786
0.04465		0.00055	0.00967
0.0447		0.000525	0.009809
0.04475		0.000577	0.00967
0.0448		0.000336	0.009831
0.04485		-0.000189	0.009616
0.0449		-0.000263	0.011436
0.04495		-0.000341	0.013732
0.045		-0.000271	0.013828
0.04505		-0.000333	0.014037
0.0451		-0.000388	0.013941
0.04515		-0.000329	0.014027
0.0452		-0.000333	0.013931
0.04525		-0.000348	0.013952
0.0453		-0.000296	0.014005
0.04535		-0.000385	0.014042
0.0454		-0.000358	0.014008
0.04545		-0.000355	0.013996
0.0455		-0.000881	0.014009
0.04555		-0.001276	0.013772
0.0456		-0.001313	0.012407
0.04565		-0.00135	0.01188
0.0457		-0.001313	0.011862
0.04575		-0.001293	0.011861
0.0458		-0.001312	0.011856
0.04585		-0.001361	0.011862
0.0459		-0.001328	0.011849
0.04595		-0.001359	0.011828
0.046		-0.00135	0.011842
0.04605		-0.001371	0.011725
0.0461		-0.00137	0.011884
0.04615		-0.001356	0.011473
0.0462		-0.00133	0.013623
0.04625		-0.00132	0.027596
0.0463		-0.001348	0.032374
0.04635		-0.001376	0.032744
0.0464		-0.00129	0.033035
0.04645		-0.001387	0.032992
0.0465		-0.001282	0.033054
0.04655		-0.001342	0.032925
0.0466		-0.001323	0.033029
0.04665		-0.001375	0.032876
0.0467		-0.001356	0.033
0.04675		-0.001448	0.032895
0.0468		-0.000417	0.033114
0.04685		0.001337	0.032802
0.0469		0.001503	0.03434
0.04695		0.001653	0.035823
0.047		0.001575	0.035963
0.04705		0.001592	0.035978
0.0471		0.001574	0.03609
0.04715		0.00152	0.035967
0.0472		0.001555	0.03606
0.04725		0.001607	0.03597
0.0473		0.001615	0.036137
0.04735		0.00163	0.035823
0.0474		0.001607	0.036267
0.04745		0.001471	0.035591
0.0475		-0.000396	0.036781
0.04755		-0.001257	0.030473
0.0476		-0.001294	0.019748
0.04765		-0.00132	0.018706
0.0477		-0.00132	0.017985
0.04775		-0.001335	0.018326
0.0478		-0.001293	0.018001
0.04785		-0.001301	0.018195
0.0479		-0.001346	0.017981
0.04795		-0.00136	0.018148
0.048		-0.00135	0.017963
0.04805		-0.001383	0.01813
0.0481		-0.001309	0.017995
0.04815		-0.001993	0.018085
0.0482		-0.002421	0.017959
0.04825		-0.002437	0.017287
0.0483		-0.002459	0.01705
0.04835		-0.002409	0.017036
0.0484		-0.002421	0.016997
0.04845		-0.002399	0.016988
0.0485		-0.002414	0.017034
0.04855		-0.002421	0.017065
0.0486		-0.002439	0.016997
0.04865		-0.002474	0.016992
0.0487		-0.002369	0.016921
0.04875		-0.00252	0.017064
0.0488		-0.00205	0.016992
0.04885		-0.001428	0.017086
0.0489		-0.001341	0.017666
0.04895		-0.0014	0.017973
0.049		-0.001374	0.017905
0.04905		-0.001326	0.018073
0.0491		-0.001352	0.017956
0.04915		-0.001371	0.018108
0.0492		-0.001368	0.01791
0.04925		-0.00133	0.018162
0.0493		-0.001334	0.017853
0.04935		-0.001385	0.018155
0.0494		-0.001248	0.017666
0.04945		-0.001771	0.018428
0.0495		-0.003985	0.017241
0.04955		-0.004431	0.026169
0.0496		-0.004531	0.035868
0.04965		-0.004577	0.036233
0.0497		-0.004661	0.037136
0.04975		-0.00462	0.036691
0.0498		-0.004609	0.03703
0.04985		-0.004612	0.036754
0.0499		-0.004612	0.03694
0.04995		-0.004562	0.036728
0.05		-0.004627	0.036886
0.05005		-0.004512	0.036754
0.0501		-0.00455	0.036898
0.05015		-0.002673	0.036651
0.0502		-0.001424	0.037626
0.05025		-0.001418	0.039531
0.0503		-0.001286	0.039951
0.05035		-0.001343	0.04004
0.0504		-0.001278	0.040096
0.05045		-0.001304	0.039982
0.0505		-0.00132	0.03994
0.05055		-0.001258	0.039947
0.0506		-0.001324	0.039944
0.05065		-0.00137	0.039925
0.0507		-0.001383	0.039944
0.05075		-0.001354	0.039854
0.0508		-0.001932	0.040172
0.05085		-0.0024	0.038727
0.0509		-0.002369	0.025244
0.05095		-0.002399	0.019442
0.051		-0.002351	0.019306
0.05105		-0.002416	0.018727
0.0511		-0.002365	0.019091
0.05115		-0.002388	0.018602
0.0512		-0.002447	0.019176
0.05125		-0.002427	0.018525
0.0513		-0.002509	0.019238
0.05135		-0.002368	0.018404
0.0514		-0.002557	0.019387
0.05145		-0.001575	0.017947
0.0515		0.000322	0.020431
0.05155		0.000528	0.005301
0.0516		0.000648	-0.014438
0.05165		0.000596	-0.015734
0.0517		0.000614	-0.017221
0.05175		0.00054	-0.016598
0.0518		0.000561	-0.017079
0.05185		0.000581	-0.016816
0.0519		0.000584	-0.01695
0.05195		0.000611	-0.016859
0.052		0.000562	-0.016803
0.05205		0.000579	-0.016984
0.0521		0.000487	-0.016585
0.05215		-0.000791	-0.017523
0.0522		-0.0013	-0.011174
0.05225		-0.001334	-0.002331
0.0523		-0.001327	-0.001796
0.05235		-0.001285	-0.001078
0.0524		-0.001348	-0.001359
0.05245		-0.00129	-0.001121
0.0525		-0.001391	-0.001308
0.05255		-0.0013	-0.001265
0.0526		-0.001317	-0.001248
0.05265		-0.001311	-0.001296
0.0527		-0.001312	-0.00108
0.05275		-0.001278	-0.001419
0.0528		-0.001908	-0.000706
0.05285		-0.002333	-0.004207
0.0529		-0.002366	-0.015313
0.05295		-0.002409	-0.017445
0.053		-0.00235	-0.018096
0.05305		-0.002372	-0.01791
0.0531		-0.002435	-0.01806
0.05315		-0.002389	-0.017916
0.0532		-0.002395	-0.017979
0.05325		-0.002376	-0.01797
0.0533		-0.002365	-0.018037
0.05335		-0.002329	-0.017978
0.0534		-0.002365	-0.018003
0.05345		-0.001967	-0.018008
0.0535		-0.001381	-0.0182
0.05355		-0.001346	-0.022065
0.0536		-0.00132	-0.024166
0.05365		-0.001319	-0.024114
0.0537		-0.0013	-0.024414
0.05375		-0.001276	-0.024227
0.0538		-0.00128	-0.024372
0.05385		-0.001279	-0.024192
0.0539		-0.001345	-0.024442
0.05395		-0.001323	-0.024155
0.054		-0.001285	-0.024457
0.05405		-0.00135	-0.024039
0.0541		-0.001093	-0.024632
0.05415		-0.000437	-0.023596
0.0542		-0.000295	-0.028779
0.05425		-0.000285	-0.037541
0.0543		-0.000277	-0.038436
0.05435		-0.000233	-0.038958
0.0544		-0.000239	-0.038876
0.05445		-0.000292	-0.038949
0.0545		-0.000262	-0.03895
0.05455		-0.000244	-0.038894
0.0546		-0.000248	-0.039004
0.05465		-0.0003	-0.038849
0.0547		-0.000278	-0.038984
0.05475		-0.000307	-0.038617
0.0548		-0.001027	-0.039334
0.05485		-0.001283	-0.035833
0.0549		-0.001282	-0.026283
0.05495		-0.001257	-0.024669
0.055		-0.001261	-0.024127
0.05505		-0.001283	-0.024282
0.0551		-0.001315	-0.024057
0.05515		-0.001339	-0.024316
0.0552		-0.001331	-0.024169
0.05525		-0.001315	-0.024242
0.0553		-0.001346	-0.024179
0.05535		-0.001346	-0.024213
0.0554		-0.001383	-0.024188
0.05545		-0.000821	-0.024183
0.0555		-0.000337	-0.024273
0.05555		-0.000318	-0.026301
0.0556		-0.000248	-0.027202
0.05565		-0.000335	-0.027237
0.0557		-0.000306	-0.02723
0.05575		-0.000324	-0.027265
0.0558		-0.000343	-0.027223
0.05585		-0.00025	-0.027308
0.0559		-0.00025	-0.027222
0.05595		-0.000262	-0.027303
0.056		-0.00033	-0.027199
0.05605		-0.000192	-0.02735
0.0561		-0.000891	-0.027118
0.05615		-0.002192	-0.0274
0.0562		-0.002303	-0.023767
0.05625		-0.002325	-0.020156
0.0563		-0.002332	-0.020139
0.05635		-0.002399	-0.019786
0.0564		-0.002379	-0.019982
0.05645		-0.00234	-0.019773
0.0565		-0.002342	-0.019911
0.05655		-0.002377	-0.019723
0.0566		-0.002354	-0.019955
0.05665		-0.002351	-0.019745
0.0567		-0.002346	-0.020059
0.05675		-0.002304	-0.019612
0.0568		-0.001605	-0.020258
0.05685		-0.001385	-0.017323
0.0569		-0.001328	-0.010659
0.05695		-0.001274	-0.009646
0.057		-0.001343	-0.009245
0.05705		-0.00129	-0.009318
0.0571		-0.001269	-0.009256
0.05715		-0.001278	-0.009277
0.0572		-0.001286	-0.009259
0.05725		-0.001367	-0.009276
0.0573		-0.001297	-0.009167
0.05735		-0.001263	-0.009226
0.0574		-0.001249	-0.00924
0.05745		-7.68E-05	-0.009181
0.0575		0.000559	-0.009664
0.05755		0.00062	-0.011041
0.0576		0.000627	-0.011236
0.05765		0.000569	-0.011391
0.0577		0.000628	-0.01128
0.05775		0.000576	-0.011329
0.0578		0.000629	-0.011322
0.05785		0.000631	-0.011373
0.0579		0.00062	-0.011273
0.05795		0.000611	-0.011373
0.058		0.000605	-0.011336
0.05805		0.000655	-0.011365
0.0581		0.000654	-0.011355
0.05815		0.000653	-0.010845
0.0582		0.000633	-0.00147
0.05825		0.000654	0.002893
0.0583		0.000613	0.003106
0.05835		0.000554	0.003404
0.0584		0.000551	0.003216
0.05845		0.000644	0.003301
0.0585		0.000579	0.00325
0.05855		0.000614	0.003315
0.0586		0.000566	0.003246
0.05865		0.00061	0.003276
0.0587		0.000594	0.003326
0.05875		0.000735	0.003175
0.0588		0.001433	0.00353
0.05885		0.001559	0.000137
0.0589		0.001608	-0.003677
0.05895		0.001582	-0.003585
0.059		0.00164	-0.004095
0.05905		0.001582	-0.003689
0.0591		0.001581	-0.004135
0.05915		0.001631	-0.003671
0.0592		0.001646	-0.004199
0.05925		0.001653	-0.003629
0.0593		0.001614	-0.004283
0.05935		0.001609	-0.003512
0.0594		0.001601	-0.004632
0.05945		0.000949	-0.002627
0.0595		0.000646	-0.012013
0.05955		0.000566	-0.034848
0.0596		0.000572	-0.038405
0.05965		0.000602	-0.039778
0.0597		0.000591	-0.039382
0.05975		0.000577	-0.039884
0.0598		0.000594	-0.039452
0.05985		0.000579	-0.039854
0.0599		0.00058	-0.039488
0.05995		0.000611	-0.039814
0.06		0.000607	-0.039331
0.06005		0.000574	-0.039819
0.0601		0.001065	-0.039324
0.06015		0.001586	-0.039486
0.0602		0.001614	-0.0248
0.06025		0.00162	-0.016181
0.0603		0.001637	-0.015964
0.06035		0.001653	-0.015266
0.0604		0.001641	-0.015595
0.06045		0.001612	-0.015316
0.0605		0.001603	-0.015493
0.06055		0.001656	-0.015342
0.0606		0.001614	-0.015434
0.06065		0.001686	-0.01543
0.0607		0.00163	-0.015431
0.06075		0.001629	-0.01542
0.0608		0.001597	-0.015329
0.06085		0.001619	-0.01705
0.0609		0.001563	-0.018411
0.06095		0.001626	-0.018543
0.061		0.001609	-0.018618
0.06105		0.001582	-0.018658
0.0611		0.001615	-0.01861
0.06115		0.001631	-0.018735
0.0612		0.001598	-0.018462
0.06125		0.001622	-0.018718
0.0613		0.001566	-0.018325
0.06135		0.001609	-0.018857
0.0614		0.00133	-0.018154
0.06145		7.13E-05	-0.019375
0.0615		-0.000193	-0.013076
0.06155		-0.000302	-0.000762
0.0616		-0.000295	0.000666
0.06165		-0.000354	0.001452
0.0617		-0.000307	0.001156
0.06175		-0.000322	0.001404
0.0618		-0.000325	0.001265
0.06185		-0.000372	0.001363
0.0619		-0.000325	0.001213
0.06195		-0.000352	0.001335
0.062		-0.000267	0.001263
0.06205		-0.000321	0.001272
0.0621		0.000776	0.001489
0.06215		0.001575	0.000569
0.0622		0.001572	-0.002956
0.06225		0.001655	-0.003593
0.0623		0.001608	-0.003819
0.06235		0.001593	-0.003751
0.0624		0.001622	-0.003876
0.06245		0.001631	-0.003839
0.0625		0.001675	-0.003884
0.06255		0.001616	-0.003773
0.0626		0.001627	-0.003889
0.06265		0.00163	-0.003804
0.0627		0.001616	-0.003882
0.06275		0.001581	-0.003737
0.0628		0.001585	-0.0039
0.06285		0.001644	-0.000951
0.0629		0.00157	0.001234
0.06295		0.001649	0.001257
0.063		0.001655	0.001433
0.06305		0.001682	0.001272
0.0631		0.001581	0.001445
0.06315		0.001626	0.001304
0.0632		0.00164	0.001428
0.06325		0.001653	0.001285
0.0633		0.001557	0.001467
0.06335		0.001581	0.001217
0.0634		0.001541	0.001544
0.06345		0.000895	0.000962
0.0635		0.000651	0.005061
0.06355		0.000617	0.009296
0.0636		0.000524	0.009536
0.06365		0.000515	0.009936
0.0637		0.0005	0.009766
0.06375		0.000543	0.009871
0.0638		0.000562	0.009691
0.06385		0.000539	0.009834
0.0639		0.000581	0.009721
0.06395		0.000611	0.009824
0.064		0.000558	0.009755
0.06405		0.000669	0.009869
0.0641		0.001267	0.00967
0.06415		0.001568	0.010459
0.0642		0.001611	0.012488
0.06425		0.001601	0.012896
0.0643		0.001526	0.012992
0.06435		0.001538	0.012941
0.0644		0.00163	0.012918
0.06445		0.001593	0.012887
0.0645		0.001603	0.012989
0.06455		0.001559	0.012987
0.0646		0.001563	0.012933
0.06465		0.001537	0.012918
0.0647		0.001663	0.012954
0.06475		0.000547	0.013013
0.0648		-0.000265	0.012187
0.06485		-0.000259	0.004525
0.0649		-0.000313	0.001727
0.06495		-0.000265	0.001408
0.065		-0.000322	0.00135
0.06505		-0.000318	0.001208
0.0651		-0.000351	0.001407
0.06515		-0.000278	0.001152
0.0652		-0.000355	0.001453
0.06525		-0.000355	0.001083
0.0653		-0.00038	0.001561
0.06535		-0.000285	0.000946
0.0654		-0.000465	0.001827
0.06545		-0.001158	0.000691
0.0655		-0.001296	0.018718
0.06555		-0.001361	0.032866
0.0656		-0.001379	0.033133
0.06565		-0.001333	0.034328
0.0657		-0.001378	0.033753
0.06575		-0.001359	0.034212
0.0658		-0.001359	0.033853
0.06585		-0.001356	0.034118
0.0659		-0.001326	0.033997
0.06595		-0.00123	0.034023
0.066		-0.001365	0.033931
0.06605		-0.001046	0.033945
0.0661		0.000254	0.034148
0.06615		0.000566	0.032681
0.0662		0.000636	0.027754
0.06625		0.000576	0.026942
0.0663		0.000504	0.026594
0.06635		0.000611	0.026753
0.0664		0.000606	0.026628
0.06645		0.000559	0.026735
0.0665		0.000552	0.026545
0.06655		0.000542	0.026686
0.0666		0.0005	0.026526
0.06665		0.00062	0.026716
0.0667		0.000629	0.026539
0.06675		0.00184	0.026701
0.0668		0.00261	0.025983
0.06685		0.002599	0.023985
0.0669		0.002628	0.023541
0.06695		0.002583	0.023512
0.067		0.002624	0.023496
0.06705		0.002647	0.023526
0.0671		0.002591	0.02347
0.06715		0.002624	0.023467
0.0672		0.002618	0.023392
0.06725		0.002753	0.023481
0.0673		0.002538	0.02334
0.06735		0.00283	0.023407
0.0674		0.001371	0.023336
0.06745		-0.000977	0.023559
0.0675		-0.001234	0.018744
0.06755		-0.001365	0.015175
0.0676		-0.001346	0.01521
0.06765		-0.001394	0.014843
0.0677		-0.001341	0.014988
0.06775		-0.001363	0.014848
0.0678		-0.0013	0.015022
0.06785		-0.001352	0.014817
0.0679		-0.001346	0.014984
0.06795		-0.001416	0.014829
0.068		-0.001308	0.014973
0.06805		-0.001489	0.014835
0.0681		-0.002119	0.015005
0.06815		-0.002377	0.013454
0.0682		-0.002384	0.011932
0.06825		-0.002381	0.011729
0.0683		-0.002369	0.011694
0.06835		-0.002376	0.011672
0.0684		-0.00238	0.011672
0.06845		-0.00242	0.01161
0.0685		-0.002374	0.01176
0.06855		-0.002348	0.011603
0.0686		-0.002424	0.011758
0.06865		-0.002459	0.011488
0.0687		-0.002133	0.011853
0.06875		0.000535	0.011167
0.0688		0.001511	0.014754
0.06885		0.001555	0.030143
0.0689		0.001563	0.034156
0.06895		0.001557	0.034722
0.069		0.001594	0.034703
0.06905		0.001582	0.034824
0.0691		0.001563	0.034748
0.06915		0.001556	0.03478
0.0692		0.001575	0.034791
0.06925		0.001627	0.034884
0.0693		0.001618	0.03479
0.06935		0.001683	0.0348
0.0694		0.001248	0.03491
0.06945		0.000672	0.033509
0.0695		0.000673	0.016955
0.06955		0.0006	0.010279
0.0696		0.000662	0.009862
0.06965		0.000595	0.009472
0.0697		0.000596	0.009498
0.06975		0.000489	0.009517
0.0698		0.000588	0.009413
0.06985		0.000561	0.009566
0.0699		0.000576	0.009325
0.06995		0.000573	0.009617
0.07		0.000621	0.009222
0.07005		0.000356	0.009854
0.0701		-0.0002	0.008812
0.07015		-0.000281	0.020581
0.0702		-0.000313	0.030856
0.07025		-0.000241	0.031132
0.0703		-0.000335	0.031919
0.07035		-0.000387	0.031473
0.0704		-0.000414	0.031839
0.07045		-0.000313	0.031583
0.0705		-0.000335	0.031782
0.07055		-0.000384	0.031602
0.0706		-0.000376	0.031764
0.07065		-0.000367	0.031739
0.0707		-0.000559	0.031656
0.07075		-0.002657	0.031871
0.0708		-0.003309	0.029029
0.07085		-0.003404	0.024719
0.0709		-0.003394	0.024632
0.07095		-0.003403	0.024085
0.071		-0.003378	0.024414
0.07105		-0.003416	0.024055
0.0711		-0.003398	0.024419
0.07115		-0.003451	0.024068
0.0712		-0.003389	0.024432
0.07125		-0.003426	0.023931
0.0713		-0.003308	0.024598
0.07135		-0.003464	0.023729
0.0714		-0.001317	0.025278
0.07145		0.000467	0.018247
0.0715		0.000481	-0.010397
0.07155		0.000616	-0.017602
0.0716		0.0006	-0.01878
0.07165		0.000637	-0.018892
0.0717		0.000679	-0.019108
0.07175		0.000622	-0.018949
0.0718		0.000561	-0.019126
0.07185		0.0006	-0.018916
0.0719		0.000653	-0.019094
0.07195		0.000561	-0.018871
0.072		0.000716	-0.019067
0.07205		-0.000466	-0.018869
0.0721		-0.002188	-0.018853
0.07215		-0.002254	-0.008583
0.0722		-0.002435	-0.002628
0.07225		-0.002372	-0.002459
0.0723		-0.002411	-0.002056
0.07235		-0.002431	-0.002199
0.0724		-0.002411	-0.002093
0.07245		-0.002385	-0.002236
0.0725		-0.002437	-0.002161
0.07255		-0.002381	-0.002114
0.0726		-0.00241	-0.00217
0.07265		-0.002372	-0.002124
0.0727		-0.002324	-0.002273
0.07275		-0.002366	-0.001917
0.0728		-0.00238	-0.004536
0.07285		-0.002369	-0.007998
0.0729		-0.002377	-0.008094
0.07295		-0.002384	-0.008467
0.073		-0.002344	-0.008331
0.07305		-0.002437	-0.008517
0.0731		-0.002389	-0.008332
0.07315		-0.002384	-0.00842
0.0732		-0.002363	-0.008321
0.07325		-0.002458	-0.008435
0.0733		-0.002362	-0.008326
0.07335		-0.002442	-0.008457
0.0734		-7.95E-05	-0.008305
0.07345		0.001505	-0.009
0.0735		0.00154	-0.010253
0.07355		0.001707	-0.010409
0.0736		0.001607	-0.01052
0.07365		0.001616	-0.010449
0.0737		0.001594	-0.010571
0.07375		0.001635	-0.010402
0.0738		0.001601	-0.010526
0.07385		0.001564	-0.010397
0.0739		0.001648	-0.010487
0.07395		0.001533	-0.010341
0.074		0.001722	-0.01066
0.07405		0.000149	-0.010061
0.0741		-0.001142	-0.012888
0.07415		-0.001216	-0.029639
0.0742		-0.001349	-0.034894
0.07425		-0.001306	-0.035423
0.0743		-0.001331	-0.035631
0.07435		-0.001327	-0.035582
0.0744		-0.001337	-0.035637
0.07445		-0.001319	-0.035672
0.0745		-0.001348	-0.035671
0.07455		-0.001302	-0.035708
0.0746		-0.001309	-0.035642
0.07465		-0.001298	-0.035744
0.0747		-0.001335	-0.035583
0.07475		-0.001337	-0.03565
0.0748		-0.001304	-0.030759
0.07485		-0.001298	-0.02755
0.0749		-0.001345	-0.027439
0.07495		-0.001333	-0.027155
0.075		-0.001313	-0.027325
0.07505		-0.001298	-0.027299
0.0751		-0.001341	-0.027313
0.07515		-0.001354	-0.027173
0.0752		-0.001312	-0.027285
0.07525		-0.0013	-0.027189
0.0753		-0.00133	-0.027213
0.07535		-0.001319	-0.02728
0.0754		-0.00133	-0.027234
0.07545		-0.001363	-0.027591
0.0755		-0.001354	-0.0282
0.07555		-0.001294	-0.028183
0.0756		-0.001312	-0.028243
0.07565		-0.00129	-0.028274
0.0757		-0.001339	-0.028305
0.07575		-0.00132	-0.028297
0.0758		-0.00133	-0.028319
0.07585		-0.001286	-0.028311
0.0759		-0.0013	-0.028261
0.07595		-0.001346	-0.028269
0.076		-0.001376	-0.02819
0.07605		-0.002063	-0.028326
0.0761		-0.00235	-0.027356
0.07615		-0.002318	-0.019766
0.0762		-0.002377	-0.01691
0.07625		-0.002304	-0.016717
0.0763		-0.002322	-0.016552
0.07635		-0.002398	-0.01653
0.0764		-0.00241	-0.016578
0.07645		-0.002409	-0.01668
0.0765		-0.002359	-0.016577
0.07655		-0.002374	-0.016554
0.0766		-0.002315	-0.016522
0.07665		-0.002406	-0.01662
0.0767		-0.00203	-0.016552
0.07675		-0.001413	-0.015842
0.0768		-0.001298	-0.004405
0.07685		-0.00126	0.000616
0.0769		-0.001308	0.000855
0.07695		-0.001309	0.00126
0.077		-0.0013	0.001138
0.07705		-0.001339	0.001252
0.0771		-0.001405	0.001143
0.07715		-0.00128	0.001248
0.0772		-0.001326	0.001132
0.07725		-0.001356	0.001228
0.0773		-0.00135	0.001161
0.07735		-0.001168	0.001176
0.0774		-0.000473	0.001079
0.07745		-0.000336	0.001575
0.0775		-0.000285	0.002219
0.07755		-0.000256	0.002254
0.0776		-0.0003	0.002298
0.07765		-0.000251	0.002274
0.0777		-0.000296	0.002295
0.07775		-0.000287	0.002259
0.0778		-0.000307	0.002294
0.07785		-0.000332	0.002219
0.0779		-0.000295	0.002272
0.07795		-0.000276	0.002136
0.078		-0.000341	0.002299
0.07805		-0.001675	0.002055
0.0781		-0.002304	0.003568
0.07815		-0.002379	0.006883
0.0782		-0.002361	0.00737
0.07825		-0.002333	0.007574
0.0783		-0.002359	0.007436
0.07835		-0.002383	0.007578
0.0784		-0.002395	0.007511
0.07845		-0.002416	0.007488
0.0785		-0.002317	0.007485
0.07855		-0.002409	0.007555
0.0786		-0.002281	0.007511
0.07865		-0.00242	0.007552
0.0787		-0.001004	0.007452
0.07875		0.000476	0.007377
0.0788		0.00051	0.003588
0.07885		0.000588	0.001323
0.0789		0.000563	0.001334
0.07895		0.000577	0.00109
0.079		0.000514	0.001257
0.07905		0.000602	0.001043
0.0791		0.000585	0.001293
0.07915		0.000591	0.000968
0.0792		0.000584	0.001268
0.07925		0.000621	0.000881
0.0793		0.000632	0.001428
0.07935		0.000648	0.000691
0.0794		0.000587	0.001711
0.07945		0.000653	-0.008945
0.0795		0.000679	-0.017849
0.07955		0.000647	-0.018223
0.0796		0.000622	-0.018886
0.07965		0.000603	-0.01865
0.0797		0.000646	-0.018794
0.07975		0.000614	-0.01872
0.0798		0.000598	-0.018661
0.07985		0.000587	-0.018766
0.0799		0.000577	-0.018621
0.07995		0.000602	-0.018958
0.08		0.000732	-0.01842
0.08005		0.001381	-0.019422
0.0801		0.001571	-0.013653
0.08015		0.001651	-0.003477
0.0802		0.001607	-0.002424
0.08025		0.00159	-0.00176
0.0803		0.001637	-0.002017
0.08035		0.001629	-0.0018
0.0804		0.001601	-0.00189
0.08045		0.001649	-0.001914
0.0805		0.001593	-0.001827
0.08055		0.001689	-0.00201
0.0806		0.001553	-0.001682
0.08065		0.001605	-0.002218
0.0807		-0.000739	-0.001219
0.08075		-0.002289	-0.006002
0.0808		-0.002321	-0.020509
0.08085		-0.002428	-0.02319
0.0809		-0.002339	-0.023977
0.08095		-0.002373	-0.023798
0.081		-0.002333	-0.024124
0.08105		-0.002391	-0.023881
0.0811		-0.002403	-0.024055
0.08115		-0.002391	-0.023895
0.0812		-0.002395	-0.024088
0.08125		-0.002354	-0.023881
0.0813		-0.002414	-0.024099
0.08135		-0.001901	-0.023944
0.0814		-0.000577	-0.023203
0.08145		-0.000355	-0.008449
0.0815		-0.000291	-0.001446
0.08155		-0.000266	-0.001278
0.0816		-0.000254	-0.00068
0.08165		-0.000314	-0.00092
0.0817		-0.000266	-0.000706
0.08175		-0.000329	-0.000969
0.0818		-0.000319	-0.000731
0.08185		-0.000322	-0.000908
0.0819		-0.000274	-0.000735
0.08195		-0.000296	-0.00095
0.082		-7.54E-05	-0.000643
0.08205		0.000537	-0.000939
0.0821		0.000616	0.001651
0.08215		0.000589	0.004181
0.0822		0.000583	0.004233
0.08225		0.000605	0.004517
0.0823		0.000642	0.004343
0.08235		0.00065	0.004484
0.0824		0.000621	0.004357
0.08245		0.000621	0.004513
0.0825		0.000622	0.004414
0.08255		0.000605	0.004543
0.0826		0.0006	0.004373
0.08265		0.00067	0.004568
0.0827		0.001337	0.004154
0.08275		0.001638	0.005963
0.0828		0.001563	0.009949
0.08285		0.001631	0.010505
0.0829		0.001592	0.01074
0.08295		0.001627	0.010701
0.083		0.001585	0.010788
0.08305		0.001583	0.010755
0.0831		0.001583	0.01079
0.08315		0.001609	0.01074
0.0832		0.001544	0.010803
0.08325		0.001622	0.010749
0.0833		0.001608	0.010722
0.08335		0.001996	0.010683
0.0834		0.002543	0.010756
0.08345		0.002646	0.00938
0.0835		0.00265	0.008785
0.08355		0.002695	0.008648
0.0836		0.002697	0.008755
0.08365		0.002681	0.008633
0.0837		0.002629	0.00873
0.08375		0.002661	0.008522
0.0838		0.002631	0.008707
0.08385		0.002714	0.008501
0.0839		0.00261	0.008801
0.08395		0.002754	0.008415
0.084		0.001778	0.00889
0.08405		1.51E-05	0.008346
0.0841		-0.000178	0.017286
0.08415		-0.000343	0.023851
0.0842		-0.000266	0.02418
0.08425		-0.000348	0.024501
0.0843		-0.000324	0.024498
0.08435		-0.000343	0.024476
0.0844		-0.000306	0.024615
0.08445		-0.000352	0.024286
0.0845		-0.000284	0.024757
0.08455		-0.000325	0.024107
0.0846		-0.000335	0.024918
0.08465		-0.000361	0.023744
0.0847		-0.000326	0.025855
0.08475		-0.000324	0.015213
0.0848		-0.000292	-0.003908
0.08485		-0.000304	-0.006169
0.0849		-0.000296	-0.007249
0.08495		-0.000333	-0.007056
0.085		-0.000322	-0.007145
0.08505		-0.00034	-0.007253
0.0851		-0.00031	-0.0069
0.08515		-0.000266	-0.00744
0.0852		-0.000311	-0.006693
0.08525		-0.000273	-0.007873
0.0853		-0.000274	-0.006072
0.08535		-0.000344	-0.009503
0.0854		-0.000325	0.006634
0.08545		-0.000297	0.054854
0.0855		-0.000339	0.063861
0.08555		-0.000325	0.066345
0.0856		-0.000333	0.065835
0.08565		-0.000256	0.066611
0.0857		-0.000263	0.066067
0.08575		-0.000254	0.066508
0.0858		-0.000355	0.066074
0.08585		-0.000282	0.066473
0.0859		-0.000382	0.066079
0.08595		-0.000232	0.066415
0.086		-0.001217	0.066176
0.08605		-0.002236	0.065081
0.0861		-0.002332	0.039653
0.08615		-0.002402	0.027662
0.0862		-0.002381	0.027165
0.08625		-0.002413	0.026298
0.0863		-0.002418	0.026668
0.08635		-0.002399	0.026398
0.0864		-0.002406	0.026581
0.08645		-0.002348	0.0264
0.0865		-0.00242	0.026479
0.08655		-0.002307	0.026327
0.0866		-0.002547	0.026363
0.08665		-0.001552	0.026389
0.0867		0.001068	0.026398
0.08675		0.001474	0.02692
0.0868		0.001597	0.027459
0.08685		0.001527	0.027422
0.0869		0.001625	0.027531
0.08695		0.001578	0.027539
0.087		0.001614	0.027513
0.08705		0.001568	0.027462
0.0871		0.001589	0.027439
0.08715		0.00159	0.027536
0.0872		0.00162	0.027365
0.08725		0.001594	0.02752
0.0873		0.001531	0.02728
0.08735		-0.000321	0.027733
0.0874		-0.001241	0.025541
0.08745		-0.001293	0.020119
0.0875		-0.001339	0.019264
0.08755		-0.001349	0.018914
0.0876		-0.001339	0.019021
0.08765		-0.001327	0.018917
0.0877		-0.001348	0.019023
0.08775		-0.00135	0.018961
0.0878		-0.001374	0.018968
0.08785		-0.001304	0.01895
0.0879		-0.001339	0.018998
0.08795		-0.001267	0.018956
0.088		-0.001797	0.018919
0.08805		-0.002303	0.018956
0.0881		-0.002344	0.018947
0.08815		-0.002374	0.019067
0.0882		-0.002387	0.018914
0.08825		-0.002395	0.01902
0.0883		-0.002436	0.018869
0.08835		-0.002368	0.019019
0.0884		-0.00241	0.01879
0.08845		-0.002362	0.019054
0.0885		-0.002472	0.018766
0.08855		-0.002296	0.019024
0.0886		-0.00251	0.018707
0.08865		-0.001017	0.019211
0.0887		0.00128	0.018607
0.08875		0.001475	0.030935
0.0888		0.00164	0.039197
0.08885		0.001563	0.03947
0.0889		0.00163	0.039989
0.08895		0.00159	0.039825
0.089		0.001614	0.039806
0.08905		0.001581	0.039944
0.0891		0.001668	0.039766
0.08915		0.001627	0.040072
0.0892		0.001722	0.039501
0.08925		0.00156	0.040279
0.0893		0.001635	0.039134
0.08935		0.002347	0.041348
0.0894		0.002668	0.030414
0.08945		0.002636	0.006423
0.0895		0.002624	0.003128
0.08955		0.002673	0.001707
0.0896		0.002653	0.002155
0.08965		0.002643	0.00172
0.0897		0.002669	0.001944
0.08975		0.002706	0.001768
0.0898		0.002584	0.00186
0.08985		0.002743	0.001874
0.0899		0.002623	0.001729
0.08995		0.002802	0.002034
0.09		-1.65E-05	0.001302
0.09005		-0.002176	0.005134
0.0901		-0.002241	0.019268
0.09015		-0.00247	0.022388
0.0902		-0.002387	0.023041
0.09025		-0.002431	0.022909
0.0903		-0.002377	0.023097
0.09035		-0.002494	0.022998
0.0904		-0.00238	0.022994
0.09045		-0.002435	0.023034
0.0905		-0.002372	0.023011
0.09055		-0.00241	0.023012
0.0906		-0.002307	0.022978
0.09065		-0.002729	0.023033
0.0907		-0.003249	0.022883
0.09075		-0.003329	0.0236
0.0908		-0.003418	0.023958
0.09085		-0.003435	0.024122
0.0909		-0.003403	0.023952
0.09095		-0.003396	0.02415
0.091		-0.003385	0.023883
0.09105		-0.0034	0.024266
0.0911		-0.003363	0.023772
0.09115		-0.003382	0.024362
0.0912		-0.003322	0.023584
0.09125		-0.003453	0.024512
0.0913		-0.002916	0.023149
0.09135		-0.000873	0.025262
0.0914		-0.000374	0.001896
0.09145		-0.000284	-0.01851
0.0915		-0.000335	-0.018988
0.09155		-0.000318	-0.020723
0.0916		-0.000328	-0.01984
0.09165		-0.000313	-0.020644
0.0917		-0.000307	-0.02007
0.09175		-0.000296	-0.020447
0.0918		-0.000313	-0.02007
0.09185		-0.000296	-0.020355
0.0919		-0.000307	-0.020202
0.09195		-0.000263	-0.020283
0.092		0.000348	-0.020473
0.09205		0.000546	-0.019034
0.0921		0.000524	-0.013981
0.09215		0.000574	-0.013176
0.0922		0.000548	-0.012722
0.09225		0.000542	-0.012917
0.0923		0.000565	-0.012733
0.09235		0.000611	-0.012874
0.0924		0.000546	-0.012733
0.09245		0.000594	-0.012841
0.0925		0.000561	-0.012766
0.09255		0.000546	-0.012863
0.0926		0.000558	-0.012736
0.09265		0.000603	-0.012939
0.0927		0.000621	-0.011712
0.09275		0.000646	-0.003512
0.0928		0.000563	-0.000632
0.09285		0.000559	-0.000441
0.0929		0.000596	-0.000258
0.09295		0.000577	-0.000419
0.093		0.00061	-0.000215
0.09305		0.00058	-0.000319
0.0931		0.000579	-0.000265
0.09315		0.000561	-0.000369
0.0932		0.000602	-0.000282
0.09325		0.0006	-0.000414
0.0933		0.000402	-0.000218
0.09335		-0.000174	-0.000472
0.0934		-0.00031	0.002102
0.09345		-0.000288	0.003693
0.0935		-0.000293	0.003896
0.09355		-0.000293	0.003826
0.0936		-0.000282	0.004046
0.09365		-0.000296	0.003797
0.0937		-0.000291	0.004103
0.09375		-0.000322	0.003714
0.0938		-0.000296	0.004253
0.09385		-0.000354	0.00357
0.0939		-0.000288	0.004513
0.09395		-0.000255	0.003152
0.094		-0.000233	0.005518
0.09405		-0.000266	-0.007672
0.0941		-0.000278	-0.029639
0.09415		-0.000297	-0.031672
0.0942		-0.000262	-0.033205
0.09425		-0.000258	-0.03253
0.0943		-0.000206	-0.033176
0.09435		-0.000256	-0.032644
0.0944		-0.000254	-0.033013
0.09445		-0.000281	-0.032766
0.0945		-0.000319	-0.032996
0.09455		-0.000326	-0.032748
0.0946		-0.000373	-0.032955
0.09465		-0.002325	-0.032733
0.0947		-0.003238	-0.03319
0.09475		-0.003293	-0.034365
0.0948		-0.003412	-0.034832
0.09485		-0.003382	-0.034783
0.0949		-0.003377	-0.034858
0.09495		-0.003381	-0.034779
0.095		-0.003382	-0.034821
0.09505		-0.003412	-0.034827
0.0951		-0.003407	-0.034855
0.09515		-0.003446	-0.034816
0.0952		-0.003315	-0.03478
0.09525		-0.003499	-0.03474
0.0953		-0.002777	-0.034807
0.09535		-0.001496	-0.034636
0.0954		-0.001353	-0.033972
0.09545		-0.001306	-0.03382
0.0955		-0.001241	-0.033763
0.09555		-0.001269	-0.033742
0.0956		-0.001265	-0.033797
0.09565		-0.001283	-0.033775
0.0957		-0.001298	-0.033849
0.09575		-0.001361	-0.033735
0.0958		-0.001334	-0.033879
0.09585		-0.001363	-0.033663
0.0959		-0.001261	-0.033912
0.09595		-0.001742	-0.033623
0.096		-0.003071	-0.034112
0.09605		-0.003294	-0.02877
0.0961		-0.003363	-0.023623
0.09615		-0.003352	-0.023532
0.0962		-0.003453	-0.022991
0.09625		-0.003463	-0.023352
0.0963		-0.003403	-0.023066
0.09635		-0.003348	-0.023308
0.0964		-0.003375	-0.022991
0.09645		-0.003329	-0.023323
0.0965		-0.003348	-0.022952
0.09655		-0.00334	-0.023416
0.0966		-0.003352	-0.022771
0.09665		-0.002096	-0.023844
0.0967		-0.001378	-0.018875
0.09675		-0.001323	-0.007562
0.0968		-0.001296	-0.00583
0.09685		-0.001316	-0.005229
0.0969		-0.001286	-0.005451
0.09695		-0.001337	-0.005194
0.097		-0.001311	-0.005385
0.09705		-0.001342	-0.005223
0.0971		-0.001283	-0.005336
0.09715		-0.001264	-0.005185
0.0972		-0.001238	-0.005312
0.09725		-0.001243	-0.0052
0.0973		-0.001889	-0.005359
0.09735		-0.002325	-0.004229
0.0974		-0.002318	0.004672
0.09745		-0.002336	0.008065
0.0975		-0.002351	0.008173
0.09755		-0.002383	0.008446
0.0976		-0.002399	0.008349
0.09765		-0.002322	0.008476
0.0977		-0.002352	0.008363
0.09775		-0.002307	0.00849
0.0978		-0.002333	0.008383
0.09785		-0.002283	0.008515
0.0979		-0.002472	0.008391
0.09795		-0.001762	0.008479
0.098		-0.000473	0.008393
0.09805		-0.000311	0.011047
0.0981		-0.000254	0.012441
0.09815		-0.000273	0.012616
0.0982		-0.000299	0.012592
0.09825		-0.000244	0.012706
0.0983		-0.000245	0.012525
0.09835		-0.000307	0.012674
0.0984		-0.000245	0.012523
0.09845		-0.000203	0.012782
0.0985		-0.000265	0.012423
0.09855		-0.000233	0.012854
0.0986		-0.000277	0.012179
0.09865		-0.000969	0.013425
0.0987		-0.001223	0.005748
0.09875		-0.00128	-0.004985
0.0988		-0.001316	-0.00564
0.09885		-0.001283	-0.00643
0.0989		-0.001278	-0.006096
0.09895		-0.001317	-0.006469
0.099		-0.001286	-0.006154
0.09905		-0.001289	-0.00638
0.0991		-0.001301	-0.006316
0.09915		-0.00129	-0.006377
0.0992		-0.001265	-0.006281
0.09925		-0.001263	-0.006247
0.0993		-0.00081	-0.006345
0.09935		-0.000322	-0.00598
0.0994		-0.000276	-0.002447
0.09945		-0.000259	-0.001264
0.0995		-0.000281	-0.001219
0.09955		-0.000278	-0.001154
0.0996		-0.000347	-0.001086
0.09965		-0.000193	-0.001109
0.0997		-0.000262	-0.001132
0.09975		-0.000211	-0.001116
0.0998		-0.000281	-0.001124
0.09985		-0.000162	-0.001089
0.0999		-0.000373	-0.001093
0.09995		0.001113	-0.001072
