0.00E+00	0.001586	-0.014347
5.00E-05	0.001629	-0.014423
1.00E-04	0.001675	-0.014325
0.00015		0.000525	-0.014578
0.0002		-0.000248	-0.014135
0.00025		-0.000202	-0.014996
0.0003		-0.000358	-0.01072
0.00035		-0.000337	0.002416
0.0004		-0.000376	0.004821
0.00045		-0.00031	0.005559
0.0005		-0.000384	0.00537
0.00055		-0.000297	0.005575
0.0006		-0.000395	0.005386
0.00065		-0.000278	0.00549
0.0007		-0.000391	0.005348
0.00075		-0.000189	0.00557
0.0008		-0.001189	0.005411
0.00085		-0.003089	0.005552
0.0009		-0.003318	0.005562
0.00095		-0.003464	0.004461
0.001		-0.003449	-0.013689
0.00105		-0.003434	-0.022035
0.0011		-0.003479	-0.022368
0.00115		-0.003381	-0.022971
0.0012		-0.003444	-0.022617
0.00125		-0.003427	-0.022957
0.0013		-0.003457	-0.022689
0.00135		-0.003409	-0.022949
0.0014		-0.003551	-0.022673
0.00145		-0.002668	-0.022998
0.0015		0.000648	-0.022664
0.00155		0.001415	-0.023007
0.0016		0.001588	-0.022438
0.00165		0.001512	-0.026227
0.0017		0.001537	-0.029714
0.00175		0.001581	-0.029984
0.0018		0.001597	-0.030134
0.00185		0.001605	-0.030175
0.0019		0.001614	-0.030117
0.00195		0.001581	-0.030252
0.002		0.001635	-0.030128
0.00205		0.001563	-0.030274
0.0021		0.001335	-0.029997
0.00215		-0.00261	-0.030416
0.0022		-0.004417	-0.029665
0.00225		-0.004517	-0.031043
0.0023		-0.004634	-0.024591
0.00235		-0.004617	0.008412
0.0024		-0.004643	0.01797
0.00245		-0.004586	0.019006
0.0025		-0.00456	0.019338
0.00255		-0.00461	0.019309
0.0026		-0.004498	0.01937
0.00265		-0.004641	0.0194
0.0027		-0.004466	0.019431
0.00275		-0.004752	0.019348
0.0028		-0.002777	0.019471
0.00285		-0.000558	0.019304
0.0029		-0.000507	0.019662
0.00295		-0.000308	0.017498
0.003		-0.000424	0.005474
0.00305		-0.000302	0.001932
0.0031		-0.000345	0.001471
0.00315		-0.000322	0.001398
0.0032		-0.000351	0.00137
0.00325		-0.000317	0.001426
0.0033		-0.000337	0.001234
0.00335		-0.000311	0.00139
0.0034		-0.000258	0.001219
0.00345		-0.000531	0.001534
0.0035		-0.001914	0.001131
0.00355		-0.002387	0.001633
0.0036		-0.002391	0.000977
0.00365		-0.002363	0.011214
0.0037		-0.002372	0.018725
0.00375		-0.002396	0.018956
0.0038		-0.00244	0.019474
0.00385		-0.002435	0.019315
0.0039		-0.002362	0.019393
0.00395		-0.002388	0.019455
0.004		-0.002431	0.019227
0.00405		-0.002521	0.019555
0.0041		-0.002029	0.019067
0.00415		-6.85E-06	0.019714
0.0042		0.000521	0.018738
0.00425		0.000596	0.020542
0.0043		0.000572	0.01013
0.00435		0.000602	-0.005822
0.0044		0.000561	-0.007068
0.00445		0.000558	-0.008291
0.0045		0.000548	-0.007732
0.00455		0.000589	-0.00826
0.0046		0.000573	-0.007836
0.00465		0.000546	-0.008204
0.0047		0.000528	-0.007965
0.00475		0.000585	-0.00812
0.0048		0.001197	-0.007968
0.00485		0.001549	-0.00811
0.0049		0.001552	-0.008051
0.00495		0.00157	-0.007426
0.005		0.001563	-0.003829
0.00505		0.001571	-0.003006
0.0051		0.001626	-0.002798
0.00515		0.001635	-0.002921
0.0052		0.001549	-0.002772
0.00525		0.001538	-0.002915
0.0053		0.001604	-0.00276
0.00535		0.001563	-0.002964
0.0054		0.001583	-0.002712
0.00545		0.001415	-0.002983
0.0055		0.000788	-0.002625
0.00555		0.000562	-0.003087
0.0056		0.000535	-0.002503
0.00565		0.000535	-0.009779
0.0057		0.000603	-0.015818
0.00575		0.000591	-0.015961
0.0058		0.000544	-0.016484
0.00585		0.000589	-0.016308
0.0059		0.000577	-0.016496
0.00595		0.000627	-0.01636
0.006		0.000646	-0.016408
0.00605		0.000584	-0.016365
0.0061		0.000561	-0.016304
0.00615		0.000544	-0.016508
0.0062		0.000563	-0.016267
0.00625		0.000563	-0.016507
0.0063		0.000514	-0.012821
0.00635		0.000525	-0.00933
0.0064		0.000526	-0.009388
0.00645		0.000568	-0.00899
0.0065		0.000542	-0.009218
0.00655		0.000542	-0.009012
0.0066		0.000611	-0.009097
0.00665		0.000544	-0.008916
0.0067		0.00057	-0.00909
0.00675		0.0004	-0.008904
0.0068		-0.000842	-0.009166
0.00685		-0.001242	-0.008931
0.0069		-0.00126	-0.009333
0.00695		-0.001354	-0.007322
0.007		-0.001338	-0.003397
0.00705		-0.001322	-0.002973
0.0071		-0.001381	-0.002804
0.00715		-0.001364	-0.002845
0.0072		-0.001396	-0.002699
0.00725		-0.001376	-0.002777
0.0073		-0.001427	-0.002742
0.00735		-0.001324	-0.002764
0.0074		-0.0014	-0.002775
0.00745		-0.000988	-0.002823
0.0075		-0.000393	-0.002738
0.00755		-0.000355	-0.002868
0.0076		-0.000325	-0.002236
0.00765		-0.000302	0.001271
0.0077		-0.000335	0.002303
0.00775		-0.000321	0.002454
0.0078		-0.000372	0.002454
0.00785		-0.000302	0.00252
0.0079		-0.00033	0.002479
0.00795		-0.000281	0.002531
0.008		-0.000254	0.002336
0.00805		-0.000366	0.002522
0.0081		-0.000293	0.002344
0.00815		-0.000333	0.00264
0.0082		-0.000314	0.002303
0.00825		-0.000339	0.002794
0.0083		-0.000273	-0.004675
0.00835		-0.000308	-0.010611
0.0084		-0.000344	-0.010686
0.00845		-0.000317	-0.011304
0.0085		-0.000361	-0.010897
0.00855		-0.000348	-0.011278
0.0086		-0.000324	-0.010903
0.00865		-0.000322	-0.011324
0.0087		-0.000321	-0.010966
0.00875		-0.000178	-0.011413
0.0088		0.000403	-0.010811
0.00885		0.000565	-0.011509
0.0089		0.000599	-0.01052
0.00895		0.000547	-0.019201
0.009		0.000583	-0.027189
0.00905		0.000573	-0.027492
0.0091		0.000583	-0.028116
0.00915		0.000531	-0.027908
0.0092		0.000554	-0.028062
0.00925		0.00054	-0.027939
0.0093		0.000632	-0.027975
0.00935		0.000551	-0.028093
0.0094		0.000609	-0.027868
0.00945		-0.000421	-0.02823
0.0095		-0.001285	-0.027603
0.00955		-0.0013	-0.028786
0.0096		-0.001364	-0.023421
0.00965		-0.001241	-0.006768
0.0097		-0.001308	-0.00356
0.00975		-0.001353	-0.002632
0.0098		-0.001396	-0.002867
0.00985		-0.001348	-0.002595
0.0099		-0.001419	-0.002853
0.00995		-0.001352	-0.002623
0.01		-0.00137	-0.002853
0.01005		-0.00136	-0.002618
0.0101		-0.001328	-0.002816
0.01015		-0.001328	-0.002603
0.0102		-0.00136	-0.002842
0.01025		-0.001341	-0.002568
0.0103		-0.001387	-0.007651
0.01035		-0.001394	-0.010747
0.0104		-0.001338	-0.010973
0.01045		-0.001359	-0.011062
0.0105		-0.001317	-0.011137
0.01055		-0.001364	-0.010973
0.0106		-0.001381	-0.011162
0.01065		-0.001411	-0.010892
0.0107		-0.001346	-0.011372
0.01075		-0.001359	-0.010737
0.0108		-0.001342	-0.011506
0.01085		-0.001323	-0.010442
0.0109		-0.001337	-0.012249
0.01095		-0.00137	0.003222
0.011		-0.001333	0.019014
0.01105		-0.001324	0.019498
0.0111		-0.001383	0.020901
0.01115		-0.001304	0.020107
0.0112		-0.001367	0.020794
0.01125		-0.001387	0.020307
0.0113		-0.001346	0.02075
0.01135		-0.001367	0.020336
0.0114		-0.001359	0.020669
0.01145		-0.00132	0.020328
0.0115		-0.001301	0.020742
0.01155		-0.001282	0.020265
0.0116		-0.001272	0.021774
0.01165		-0.001304	0.025038
0.0117		-0.001341	0.0257
0.01175		-0.001365	0.025779
0.0118		-0.001359	0.025789
0.01185		-0.001428	0.025854
0.0119		-0.001372	0.025842
0.01195		-0.001374	0.025772
0.012		-0.001328	0.025676
0.01205		-0.001408	0.025746
0.0121		-0.000551	0.025752
0.01215		0.000513	0.025809
0.0122		0.000503	0.025718
0.01225		0.000618	0.025831
0.0123		0.000616	0.025725
0.01235		0.0006	0.025787
0.0124		0.000594	0.025713
0.01245		0.000633	0.025891
0.0125		0.000557	0.02568
0.01255		0.000588	0.025906
0.0126		0.000562	0.02561
0.01265		0.000555	0.025917
0.0127		0.000573	0.025525
0.01275		0.000568	0.025994
0.0128		0.000577	0.025322
0.01285		0.000605	0.026223
0.0129		0.000618	0.024949
0.01295		0.000613	0.037054
0.013		0.000625	0.047669
0.01305		0.000596	0.048179
0.0131		0.000669	0.048904
0.01315		0.000598	0.048769
0.0132		0.000605	0.048767
0.01325		0.00061	0.048885
0.0133		0.00058	0.048481
0.01335		0.000563	0.048967
0.0134		0.000472	0.048303
0.01345		-3.98E-05	0.04937
0.0135		-0.000218	0.047717
0.01355		-0.000266	0.050632
0.0136		-0.000284	0.032171
0.01365		-0.000266	0.006609
0.0137		-0.000287	0.004989
0.01375		-0.000322	0.002809
0.0138		-0.000311	0.003828
0.01385		-0.000321	0.002836
0.0139		-0.000329	0.003685
0.01395		-0.000318	0.003105
0.014		-0.000241	0.003618
0.01405		-0.000292	0.003101
0.0141		0.000199	0.003527
0.01415		0.00055	0.003126
0.0142		0.000609	0.003663
0.01425		0.000614	0.002124
0.0143		0.000584	-0.002566
0.01435		0.000665	-0.003784
0.0144		0.000646	-0.003847
0.01445		0.000609	-0.003937
0.0145		0.000603	-0.003811
0.01455		0.0006	-0.003993
0.0146		0.000668	-0.003873
0.01465		0.000666	-0.003984
0.0147		0.000618	-0.003793
0.01475		0.000616	-0.004032
0.0148		0.00067	-0.003895
0.01485		0.000565	-0.004125
0.0149		0.000552	-0.00408
0.01495		0.000576	-0.011839
0.015		0.000565	-0.016046
0.01505		0.00062	-0.01628
0.0151		0.00057	-0.016458
0.01515		0.000573	-0.016513
0.0152		0.000589	-0.016375
0.01525		0.000621	-0.016576
0.0153		0.000609	-0.016218
0.01535		0.000603	-0.016672
0.0154		0.000284	-0.016175
0.01545		-0.000958	-0.016921
0.0155		-0.001243	-0.015797
0.01555		-0.001326	-0.017445
0.0156		-0.00133	0.002306
0.01565		-0.001339	0.018801
0.0157		-0.00136	0.019267
0.01575		-0.001343	0.020629
0.0158		-0.001379	0.020011
0.01585		-0.001379	0.020477
0.0159		-0.001381	0.020225
0.01595		-0.001298	0.020357
0.016		-0.001331	0.02038
0.01605		-0.001232	0.020184
0.0161		-2.19E-05	0.020531
0.01615		0.000547	0.01994
0.0162		0.000536	0.021226
0.01625		0.000558	0.013763
0.0163		0.000551	-0.001386
0.01635		0.000565	-0.003078
0.0164		0.000521	-0.004132
0.01645		0.000605	-0.003671
0.0165		0.000547	-0.004128
0.01655		0.000594	-0.003726
0.0166		0.000561	-0.004069
0.01665		0.000555	-0.003839
0.0167		0.000592	-0.004041
0.01675		0.000595	-0.003899
0.0168		0.000559	-0.004017
0.01685		0.000551	-0.003918
0.0169		0.000568	-0.003604
0.01695		0.000633	-5.89E-05
0.017		0.000584	0.000993
0.01705		0.000599	0.001252
0.0171		0.000539	0.001179
0.01715		0.000574	0.001312
0.0172		0.000558	0.001142
0.01725		0.000628	0.001349
0.0173		0.000528	0.001072
0.01735		0.000786	0.0015
0.0174		-7.40E-05	0.001025
0.01745		-0.002675	0.001582
0.0175		-0.003244	0.000762
0.01755		-0.003375	0.002036
0.0176		-0.003445	-0.00911
0.01765		-0.003394	-0.020799
0.0177		-0.003385	-0.021028
0.01775		-0.003408	-0.022105
0.0178		-0.003371	-0.021482
0.01785		-0.003397	-0.02207
0.0179		-0.003468	-0.021652
0.01795		-0.003405	-0.022025
0.018		-0.003452	-0.021549
0.01805		-0.002961	-0.022089
0.0181		-0.000295	-0.021542
0.01815		0.000458	-0.022244
0.0182		0.000592	-0.02113
0.01825		0.000596	-0.026619
0.0183		0.000624	-0.035198
0.01835		0.000595	-0.036048
0.0184		0.000599	-0.036572
0.01845		0.00062	-0.036336
0.0185		0.000606	-0.036503
0.01855		0.000635	-0.036319
0.0186		0.000629	-0.036491
0.01865		0.000568	-0.036358
0.0187		0.000701	-0.03648
0.01875		-0.000296	-0.036407
0.0188		-0.001223	-0.036389
0.01885		-0.001306	-0.036522
0.0189		-0.00137	-0.035102
0.01895		-0.001286	-0.019925
0.019		-0.00139	-0.01392
0.01905		-0.001342	-0.013502
0.0191		-0.001375	-0.013214
0.01915		-0.001324	-0.013373
0.0192		-0.001387	-0.013257
0.01925		-0.001241	-0.013255
0.0193		-0.001389	-0.013231
0.01935		-0.001306	-0.01324
0.0194		-0.002028	-0.013287
0.01945		-0.003187	-0.013107
0.0195		-0.003289	-0.013521
0.01955		-0.003382	-0.011627
0.0196		-0.003412	-0.00122
0.01965		-0.003427	0.002019
0.0197		-0.003378	0.002357
0.01975		-0.00339	0.002507
0.0198		-0.003463	0.002416
0.01985		-0.003444	0.002479
0.0199		-0.003415	0.002389
0.01995		-0.003353	0.00254
0.02		-0.003507	0.002388
0.02005		-0.002738	0.002539
0.0201		-7.81E-05	0.002224
0.02015		0.000435	0.002697
0.0202		0.000637	0.002093
0.02025		0.000589	0.007311
0.0203		0.0006	0.012526
0.02035		0.000544	0.01267
0.0204		0.000588	0.013077
0.02045		0.000599	0.012933
0.0205		0.000621	0.013036
0.02055		0.000621	0.013024
0.0206		0.000621	0.012976
0.02065		0.000629	0.013066
0.0207		0.000606	0.012922
0.02075		0.000576	0.013094
0.0208		0.0006	0.012871
0.02085		0.000577	0.013524
0.0209		0.000584	0.010091
0.02095		0.000603	0.002724
0.021		0.000552	0.00177
0.02105		0.000577	0.00129
0.0211		0.000585	0.00149
0.02115		0.000647	0.001265
0.0212		0.000513	0.001411
0.02125		0.000629	0.001226
0.0213		0.000554	0.001415
0.02135		0.000732	0.001352
0.0214		-0.000407	0.001435
0.02145		-0.002931	0.001217
0.0215		-0.00326	0.001586
0.02155		-0.003398	-0.00024
0.0216		-0.003367	-0.014052
0.02165		-0.003367	-0.019009
0.0217		-0.003392	-0.019372
0.02175		-0.00335	-0.019674
0.0218		-0.003345	-0.019579
0.02185		-0.003382	-0.019675
0.0219		-0.003462	-0.019589
0.02195		-0.003349	-0.019645
0.022		-0.00354	-0.019567
0.02205		-0.002543	-0.019641
0.0221		-0.000631	-0.019589
0.02215		-0.000378	-0.019629
0.0222		-0.000262	-0.019468
0.02225		-0.00034	-0.017624
0.0223		-0.000263	-0.016425
0.02235		-0.000296	-0.016473
0.0224		-0.000254	-0.016323
0.02245		-0.000262	-0.016422
0.0225		-0.000271	-0.016303
0.02255		-0.000271	-0.016459
0.0226		-0.000256	-0.016303
0.02265		-0.000262	-0.016522
0.0227		-0.000118	-0.016201
0.02275		0.001145	-0.016622
0.0228		0.001612	-0.016093
0.02285		0.001655	-0.016831
0.0229		0.001607	-0.011539
0.02295		0.001563	-0.004646
0.023		0.001596	-0.00428
0.02305		0.001657	-0.003644
0.0231		0.001659	-0.003854
0.02315		0.001651	-0.003696
0.0232		0.001675	-0.003782
0.02325		0.001664	-0.003671
0.0233		0.001535	-0.003726
0.02335		0.00163	-0.003756
0.0234		0.001204	-0.003722
0.02345		0.000658	-0.003841
0.0235		0.000665	-0.003566
0.02355		0.000622	-0.005278
0.0236		0.000618	-0.016452
0.02365		0.00064	-0.019978
0.0237		0.000647	-0.020473
0.02375		0.000609	-0.020512
0.0238		0.000617	-0.020598
0.02385		0.000647	-0.020559
0.0239		0.00061	-0.020618
0.02395		0.000642	-0.020524
0.024		0.000584	-0.020623
0.02405		0.001067	-0.020466
0.0241		0.001586	-0.020522
0.02415		0.00167	-0.020536
0.0242		0.001646	-0.019844
0.02425		0.001622	-0.005034
0.0243		0.001566	0.001901
0.02435		0.001605	0.002184
0.0244		0.00157	0.002572
0.02445		0.001563	0.002424
0.0245		0.001567	0.002588
0.02455		0.001574	0.002594
0.0246		0.001604	0.002468
0.02465		0.001682	0.002628
0.0247		0.001237	0.002388
0.02475		-3.29E-05	0.002817
0.0248		-0.000221	0.002106
0.02485		-0.000344	0.003309
0.0249		-0.000263	-0.00364
0.02495		-0.000304	-0.014725
0.025		-0.000273	-0.015591
0.02505		-0.000337	-0.016493
0.0251		-0.000258	-0.01607
0.02515		-0.000303	-0.0164
0.0252		-0.000321	-0.016074
0.02525		-0.000361	-0.016415
0.0253		-0.000289	-0.016199
0.02535		-0.000359	-0.016344
0.0254		0.000713	-0.016179
0.02545		0.001516	-0.016432
0.0255		0.001581	-0.016067
0.02555		0.001642	-0.017294
0.0256		0.001642	-0.019112
0.02565		0.001681	-0.019441
0.0257		0.001625	-0.019466
0.02575		0.001677	-0.019485
0.0258		0.0016	-0.019457
0.02585		0.001629	-0.019522
0.0259		0.00159	-0.019343
0.02595		0.001575	-0.019608
0.026		0.00167	-0.019376
0.02605		0.000664	-0.019597
0.0261		-0.000241	-0.019123
0.02615		-0.000255	-0.020202
0.0262		-0.000324	-0.015149
0.02625		-0.000291	0.015066
0.0263		-0.000281	0.024587
0.02635		-0.000302	0.025566
0.0264		-0.000374	0.02592
0.02645		-0.000355	0.02591
0.0265		-0.00037	0.025876
0.02655		-0.000321	0.025962
0.0266		-0.000325	0.025807
0.02665		-0.000266	0.026013
0.0267		-0.000259	0.025805
0.02675		-0.000291	0.025961
0.0268		-0.000296	0.025695
0.02685		-0.000291	0.025925
0.0269		-0.000339	0.016584
0.02695		-0.000336	0.010422
0.027		-0.000317	0.010354
0.02705		-0.000306	0.009824
0.0271		-0.000377	0.010042
0.02715		-0.000336	0.009791
0.0272		-0.000318	0.009942
0.02725		-0.000343	0.009905
0.0273		-0.000287	0.009939
0.02735		-0.000229	0.009942
0.0274		0.001014	0.009828
0.02745		0.001557	0.010038
0.0275		0.001563	0.009673
0.02755		0.00157	0.011588
0.0276		0.001614	0.014859
0.02765		0.001651	0.01508
0.0277		0.001637	0.015349
0.02775		0.001609	0.01511
0.0278		0.001645	0.015323
0.02785		0.001559	0.01512
0.0279		0.001559	0.015295
0.02795		0.001567	0.015117
0.028		0.001541	0.015334
0.02805		-0.000872	0.015062
0.0281		-0.002203	0.015425
0.02815		-0.00224	0.014944
0.0282		-0.002394	0.017298
0.02825		-0.002368	0.023436
0.0283		-0.002405	0.024451
0.02835		-0.002361	0.024754
0.0284		-0.002362	0.024737
0.02845		-0.002343	0.024757
0.0285		-0.002451	0.024646
0.02855		-0.00242	0.02472
0.0286		-0.002381	0.02462
0.02865		-0.002444	0.024812
0.0287		-0.001988	0.024678
0.02875		-0.001375	0.02472
0.0288		-0.001352	0.02477
0.02885		-0.001263	0.023961
0.0289		-0.001364	0.011055
0.02895		-0.001353	0.005061
0.029		-0.001349	0.004982
0.02905		-0.001342	0.00451
0.0291		-0.001353	0.004643
0.02915		-0.001312	0.004442
0.0292		-0.001378	0.004654
0.02925		-0.001294	0.004447
0.0293		-0.001424	0.004657
0.02935		-0.000894	0.004473
0.0294		0.00031	0.004727
0.02945		0.000552	0.004457
0.0295		0.000599	0.004771
0.02955		0.000566	0.002982
0.0296		0.000584	0.000765
0.02965		0.000585	0.000419
0.0297		0.000624	0.000329
0.02975		0.000563	0.0003
0.0298		0.000589	0.000422
0.02985		0.000518	0.000236
0.0299		0.000611	0.000466
0.02995		0.000611	0.00018
0.03		0.000624	0.000595
0.03005		0.000637	8.09E-05
0.0301		0.000616	0.000807
0.03015		0.000603	-0.000581
0.0302		0.000588	0.006165
0.03025		0.000576	0.020908
0.0303		0.000589	0.02285
0.03035		0.00058	0.023788
0.0304		0.00057	0.023393
0.03045		0.000544	0.023811
0.0305		0.000557	0.023412
0.03055		0.000591	0.023811
0.0306		0.000535	0.023488
0.03065		0.000557	0.023828
0.0307		0.000555	0.023371
0.03075		0.000542	0.023866
0.0308		0.000539	0.023384
0.03085		0.00058	0.023155
0.0309		0.000581	0.003423
0.03095		0.000565	-0.007075
0.031		0.000635	-0.007414
0.03105		0.000644	-0.008138
0.0311		0.000643	-0.007837
0.03115		0.000622	-0.007987
0.0312		0.0006	-0.007987
0.03125		0.0006	-0.008005
0.0313		0.000548	-0.008076
0.03135		0.000539	-0.007927
0.0314		0.000503	-0.008256
0.03145		0.000554	-0.007799
0.0315		0.000568	-0.008483
0.03155		0.000551	0.004162
0.0316		0.000563	0.014318
0.03165		0.000589	0.014355
0.0317		0.000589	0.01536
0.03175		0.000572	0.014761
0.0318		0.000548	0.01536
0.03185		0.000539	0.014869
0.0319		0.00055	0.015316
0.03195		0.000566	0.014822
0.032		0.000411	0.015325
0.03205		-0.00082	0.014813
0.0321		-0.001322	0.01545
0.03215		-0.001387	0.01439
0.0322		-0.001348	0.019342
0.03225		-0.001302	0.027514
0.0323		-0.001328	0.028419
0.03235		-0.001335	0.028784
0.0324		-0.001368	0.028762
0.03245		-0.001383	0.028841
0.0325		-0.001335	0.028882
0.03255		-0.0014	0.028799
0.0326		-0.00136	0.028929
0.03265		-0.001371	0.028711
0.0327		-0.000701	0.028959
0.03275		-0.000315	0.028444
0.0328		-0.000345	0.029431
0.03285		-0.000258	0.025016
0.0329		-0.000287	0.012558
0.03295		-0.00027	0.010363
0.033		-0.000263	0.009655
0.03305		-0.000258	0.009818
0.0331		-0.000248	0.0096
0.03315		-0.000288	0.009801
0.0332		-0.000328	0.009633
0.03325		-0.000328	0.009761
0.0333		-0.000287	0.009605
0.03335		-0.000295	0.009657
0.0334		-0.000282	0.009618
0.03345		-0.000303	0.009742
0.0335		-0.000325	0.008941
0.03355		-0.000333	-0.00184
0.0336		-0.000348	-0.006668
0.03365		-0.000359	-0.006808
0.0337		-0.000329	-0.007189
0.03375		-0.000296	-0.007008
0.0338		-0.000315	-0.007196
0.03385		-0.000314	-0.007062
0.0339		-0.000373	-0.007184
0.03395		-0.000325	-0.006964
0.034		-0.000326	-0.007164
0.03405		-0.000233	-0.00694
0.0341		-0.000314	-0.007267
0.03415		-0.000308	-0.006849
0.0342		-0.000284	-0.010633
0.03425		-0.000302	-0.014007
0.0343		-0.000311	-0.014137
0.03435		-0.000315	-0.014407
0.0344		-0.000299	-0.014279
0.03445		-0.000345	-0.014405
0.0345		-0.000336	-0.014326
0.03455		-0.000265	-0.014388
0.0346		-0.000282	-0.014378
0.03465		-0.000354	-0.014325
0.0347		-0.000332	-0.014411
0.03475		-0.000281	-0.014366
0.0348		-0.000252	-0.014467
0.03485		-0.000295	-0.013564
0.0349		-0.000315	-0.011603
0.03495		-0.00035	-0.011347
0.035		-0.000343	-0.011214
0.03505		-0.000339	-0.011321
0.0351		-0.000315	-0.011198
0.03515		-0.000276	-0.011303
0.0352		-0.000348	-0.011241
0.03525		-0.00028	-0.011288
0.0353		-0.000352	-0.011176
0.03535		0.000749	-0.01132
0.0354		0.001642	-0.01113
0.03545		0.001641	-0.011311
0.0355		0.001597	-0.011499
0.03555		0.00162	-0.020182
0.0356		0.00157	-0.024504
0.03565		0.001631	-0.024748
0.0357		0.001585	-0.024944
0.03575		0.001614	-0.024938
0.0358		0.001574	-0.024831
0.03585		0.001629	-0.024975
0.0359		0.001461	-0.024805
0.03595		0.001734	-0.025022
0.036		0.00048	-0.024659
0.03605		-0.001978	-0.025163
0.0361		-0.002257	-0.024536
0.03615		-0.002385	-0.024301
0.0362		-0.002357	0.006042
0.03625		-0.002417	0.023179
0.0363		-0.002418	0.023634
0.03635		-0.002422	0.024985
0.0364		-0.002399	0.024345
0.03645		-0.002344	0.024812
0.0365		-0.002413	0.024487
0.03655		-0.002362	0.024679
0.0366		-0.002473	0.024578
0.03665		-0.002267	0.024549
0.0367		-0.001524	0.024765
0.03675		-0.001379	0.024314
0.0368		-0.001365	0.025458
0.03685		-0.001353	0.01901
0.0369		-0.00136	0.006498
0.03695		-0.001337	0.005257
0.037		-0.001368	0.00424
0.03705		-0.001339	0.004828
0.0371		-0.001349	0.004248
0.03715		-0.001311	0.004705
0.0372		-0.001343	0.004279
0.03725		-0.001293	0.00469
0.0373		-0.001345	0.004221
0.03735		0.000348	0.004824
0.0374		0.001542	0.004021
0.03745		0.001557	0.005279
0.0375		0.001603	0.000111
0.03755		0.001619	-0.016428
0.0376		0.001603	-0.019914
0.03765		0.001578	-0.02071
0.0377		0.001579	-0.020657
0.03775		0.001614	-0.020743
0.0378		0.001603	-0.020655
0.03785		0.001646	-0.020683
0.0379		0.001522	-0.020668
0.03795		0.001688	-0.020698
0.038		0.000329	-0.020746
0.03805		-0.001195	-0.020642
0.0381		-0.001212	-0.020691
0.03815		-0.00135	-0.020809
0.0382		-0.001258	-0.023412
0.03825		-0.001379	-0.024734
0.0383		-0.001364	-0.024872
0.03835		-0.001345	-0.024892
0.0384		-0.001323	-0.024876
0.03845		-0.001359	-0.024807
0.0385		-0.00132	-0.024951
0.03855		-0.001312	-0.024757
0.0386		-0.001286	-0.025023
0.03865		-0.001268	-0.024708
0.0387		-0.000551	-0.025101
0.03875		-0.000354	-0.024456
0.0388		-0.000303	-0.025222
0.03885		-0.000256	-0.014421
0.0389		-0.000315	-0.005629
0.03895		-0.00034	-0.005444
0.039		-0.000322	-0.004661
0.03905		-0.000362	-0.005076
0.0391		-0.000366	-0.004684
0.03915		-0.000306	-0.004971
0.0392		-0.000343	-0.004672
0.03925		-0.000296	-0.004905
0.0393		-0.000457	-0.004811
0.03935		-0.00245	-0.004935
0.0394		-0.003252	-0.004787
0.03945		-0.003366	-0.004889
0.0395		-0.003393	-0.005066
0.03955		-0.003364	-0.005785
0.0396		-0.003378	-0.005809
0.03965		-0.00337	-0.0059
0.0397		-0.003394	-0.005832
0.03975		-0.0034	-0.005931
0.0398		-0.003366	-0.005744
0.03985		-0.003445	-0.005937
0.0399		-0.003348	-0.005785
0.03995		-0.003486	-0.005931
0.04		-0.001962	-0.005722
0.04005		-0.000472	-0.006035
0.0401		-0.000388	-0.005486
0.04015		-0.000237	-0.008087
0.0402		-0.000344	-0.019993
0.04025		-0.00028	-0.023238
0.0403		-0.000355	-0.023735
0.04035		-0.000315	-0.02381
0.0404		-0.000339	-0.0239
0.04045		-0.000266	-0.02375
0.0405		-0.000376	-0.023826
0.04055		-0.000229	-0.023711
0.0406		-0.000392	-0.023857
0.04065		0.000337	-0.02363
0.0407		0.002288	-0.023851
0.04075		0.002572	-0.023623
0.0408		0.002676	-0.023719
0.04085		0.00265	-0.014873
0.0409		0.002658	-0.009432
0.04095		0.002669	-0.009297
0.041		0.002653	-0.008918
0.04105		0.002635	-0.00911
0.0411		0.002657	-0.008937
0.04115		0.002661	-0.009008
0.0412		0.002713	-0.008915
0.04125		0.002675	-0.008908
0.0413		0.002646	-0.008962
0.04135		0.001341	-0.008915
0.0414		0.00065	-0.009122
0.04145		0.000636	-0.008713
0.0415		0.000581	-0.01087
0.04155		0.000644	-0.015472
0.0416		0.000576	-0.01602
0.04165		0.000587	-0.016359
0.0417		0.000614	-0.016181
0.04175		0.000557	-0.016286
0.0418		0.000558	-0.016207
0.04185		0.000613	-0.01628
0.0419		0.000607	-0.016244
0.04195		0.000579	-0.016197
0.042		0.001844	-0.016251
0.04205		0.002621	-0.016166
0.0421		0.002675	-0.016337
0.04215		0.002651	-0.01559
0.0422		0.002658	-0.013542
0.04225		0.002671	-0.013103
0.0423		0.002736	-0.01314
0.04235		0.002614	-0.013024
0.0424		0.002629	-0.013151
0.04245		0.002631	-0.013013
0.0425		0.002728	-0.013269
0.04255		0.002538	-0.013002
0.0426		0.002878	-0.01335
0.04265		0.001283	-0.012845
0.0427		-0.001021	-0.01338
0.04275		-0.001138	-0.012882
0.0428		-0.00135	-0.011023
0.04285		-0.001315	0.038106
0.0429		-0.00135	0.062316
0.04295		-0.001267	0.063184
0.043		-0.001298	0.064858
0.04305		-0.001312	0.064267
0.0431		-0.001286	0.064768
0.04315		-0.001313	0.064446
0.0432		-0.001368	0.064487
0.04325		-0.001415	0.064603
0.0433		-0.001047	0.064305
0.04335		0.000252	0.064896
0.0434		0.000566	0.063931
0.04345		0.000639	0.065268
0.0435		0.000618	0.040521
0.04355		0.00057	0.021054
0.0436		0.000542	0.020835
0.04365		0.000603	0.018938
0.0437		0.000633	0.020045
0.04375		0.000621	0.019049
0.0438		0.000591	0.019808
0.04385		0.00061	0.01911
0.0439		0.000594	0.019715
0.04395		0.000776	0.019174
0.044		0.002108	0.01976
0.04405		0.002655	0.019005
0.0441		0.002714	0.020036
0.04415		0.002712	0.015982
0.0442		0.002692	0.009716
0.04425		0.002677	0.009029
0.0443		0.002649	0.008716
0.04435		0.002631	0.008848
0.0444		0.002614	0.008789
0.04445		0.00257	0.008774
0.0445		0.002638	0.008815
0.04455		0.002642	0.008755
0.0446		0.002764	0.008878
0.04465		0.001165	0.008763
0.0447		-0.000155	0.008918
0.04475		-0.000218	0.00853
0.0448		-0.000288	0.010619
0.04485		-0.000263	0.021172
0.0449		-0.000345	0.024168
0.04495		-0.000296	0.02459
0.045		-0.000399	0.024615
0.04505		-0.000303	0.024665
0.0451		-0.000362	0.024623
0.04515		-0.00025	0.024606
0.0452		-0.000335	0.024604
0.04525		-0.000256	0.024643
0.0453		-0.000768	0.024578
0.04535		-0.00204	0.024676
0.0454		-0.002326	0.02456
0.04545		-0.002374	0.024639
0.0455		-0.002332	0.019069
0.04555		-0.002285	0.015366
0.0456		-0.002272	0.015372
0.04565		-0.002332	0.014907
0.0457		-0.00234	0.015227
0.04575		-0.002325	0.014889
0.0458		-0.00241	0.015151
0.04585		-0.002365	0.014884
0.0459		-0.002428	0.015235
0.04595		-0.002041	0.01473
0.046		-9.19E-05	0.015305
0.04605		0.000507	0.014556
0.0461		0.000585	0.015911
0.04615		0.00061	0.009683
0.0462		0.000576	-0.00351
0.04625		0.000548	-0.005285
0.0463		0.000607	-0.006048
0.04635		0.000557	-0.005877
0.0464		0.000574	-0.006064
0.04645		0.000572	-0.005966
0.0465		0.000635	-0.005974
0.04655		0.000602	-0.006042
0.0466		0.000551	-0.005979
0.04665		-3.98E-05	-0.006025
0.0467		-0.000263	-0.005756
0.04675		-0.000267	-0.006499
0.0468		-0.000325	-0.002195
0.04685		-0.000318	0.028516
0.0469		-0.000324	0.03898
0.04695		-0.000297	0.039948
0.047		-0.000325	0.04025
0.04705		-0.000325	0.040255
0.0471		-0.000318	0.040242
0.04715		-0.000291	0.040355
0.0472		-0.000387	0.04019
0.04725		-0.000281	0.040392
0.0473		-0.000677	0.040143
0.04735		-0.001291	0.040527
0.0474		-0.001361	0.040072
0.04745		-0.00132	0.039298
0.0475		-0.001286	0.007789
0.04755		-0.00133	-0.008812
0.0476		-0.001343	-0.009244
0.04765		-0.001322	-0.010522
0.0477		-0.00132	-0.009917
0.04775		-0.001291	-0.010463
0.0478		-0.001308	-0.010032
0.04785		-0.001341	-0.010256
0.0479		-0.001407	-0.010108
0.04795		-0.000879	-0.01029
0.048		0.000378	-0.01025
0.04805		0.000574	-0.010145
0.0481		0.000603	-0.010372
0.04815		0.000627	-0.003196
0.0482		0.000602	0.00292
0.04825		0.000617	0.002816
0.0483		0.000617	0.003567
0.04835		0.000588	0.00309
0.0484		0.000611	0.003559
0.04845		0.00064	0.003083
0.0485		0.000584	0.00354
0.04855		0.000532	0.003056
0.0486		0.00058	0.003607
0.04865		0.000606	0.002927
0.0487		0.000648	0.003802
0.04875		0.000587	0.002379
0.0488		0.000585	0.008911
0.04885		0.00057	0.026001
0.0489		0.000565	0.028959
0.04895		0.000616	0.029851
0.049		0.000607	0.029643
0.04905		0.000581	0.029869
0.0491		0.000547	0.02975
0.04915		0.000583	0.029836
0.0492		0.000589	0.029768
0.04925		0.000599	0.029804
0.0493		9.05E-05	0.029813
0.04935		-0.000222	0.029742
0.0494		-0.000232	0.029847
0.04945		-0.000321	0.02921
0.0495		-0.000328	0.026454
0.04955		-0.000287	0.025658
0.0496		-0.000258	0.025647
0.04965		-0.000266	0.025469
0.0497		-0.000266	0.025643
0.04975		-0.000271	0.025443
0.0498		-0.000345	0.025657
0.04985		-0.000277	0.025351
0.0499		-0.000317	0.025706
0.04995		-0.000133	0.025232
0.05		0.000459	0.025785
0.05005		0.000606	0.025046
0.0501		0.000599	0.025411
0.05015		0.000566	-0.001903
0.0502		0.000546	-0.018458
0.05025		0.000568	-0.018777
0.0503		0.000554	-0.020211
0.05035		0.000552	-0.019505
0.0504		0.000588	-0.020076
0.05045		0.000644	-0.019677
0.0505		0.000602	-0.02001
0.05055		0.000625	-0.019716
0.0506		0.000243	-0.019921
0.05065		-0.000975	-0.019836
0.0507		-0.001296	-0.019899
0.05075		-0.001381	-0.019995
0.0508		-0.001297	-0.018542
0.05085		-0.001291	-0.013516
0.0509		-0.0013	-0.01274
0.05095		-0.001311	-0.012326
0.051		-0.001352	-0.012579
0.05105		-0.001348	-0.012219
0.0511		-0.001267	-0.012555
0.05115		-0.001323	-0.012278
0.0512		-0.001354	-0.012603
0.05125		-0.001263	-0.012234
0.0513		-0.001335	-0.012645
0.05135		-0.001357	-0.01195
0.0514		-0.001305	-0.013157
0.05145		-0.001352	-0.007802
0.0515		-0.001353	0.008793
0.05155		-0.001305	0.011934
0.0516		-0.00133	0.012852
0.05165		-0.001343	0.012563
0.0517		-0.001374	0.012974
0.05175		-0.001278	0.01261
0.0518		-0.001386	0.013022
0.05185		-0.001249	0.012542
0.0519		-0.001413	0.013099
0.05195		-0.000722	0.012483
0.052		0.000432	0.013287
0.05205		0.000518	0.012271
0.0521		0.000562	0.01339
0.05215		0.000581	-0.007107
0.0522		0.000583	-0.021652
0.05225		0.000589	-0.022061
0.0523		0.000616	-0.023166
0.05235		0.000591	-0.022765
0.0524		0.000544	-0.023115
0.05245		0.000551	-0.0229
0.0525		0.000611	-0.022891
0.05255		0.000633	-0.023059
0.0526		0.000385	-0.022736
0.05265		-0.000138	-0.023215
0.0527		-0.000234	-0.022318
0.05275		-0.000352	-0.024073
0.0528		-0.000315	-0.01368
0.05285		-0.000322	0.003076
0.0529		-0.000292	0.004316
0.05295		-0.000335	0.005623
0.053		-0.000367	0.005
0.05305		-0.000315	0.005632
0.0531		-0.000302	0.005123
0.05315		-0.000325	0.00556
0.0532		-0.0004	0.005112
0.05325		-0.000352	0.005444
0.0533		-0.000311	0.00516
0.05335		-0.000347	0.005592
0.0534		-0.000299	0.005042
0.05345		-0.000269	0.006608
0.0535		-0.000329	0.009843
0.05355		-0.000325	0.010607
0.0536		-0.000343	0.010575
0.05365		-0.000367	0.010756
0.0537		-0.000313	0.01056
0.05375		-0.000291	0.01084
0.0538		-0.000358	0.010483
0.05385		-0.000326	0.010926
0.0539		-0.000343	0.010383
0.05395		0.000156	0.011078
0.054		0.000591	0.01002
0.05405		0.000565	0.012008
0.0541		0.000591	0.003231
0.05415		0.000603	-0.028801
0.0542		0.000568	-0.036025
0.05425		0.000544	-0.037472
0.0543		0.000606	-0.037283
0.05435		0.000628	-0.037711
0.0544		0.000646	-0.037418
0.05445		0.000635	-0.037664
0.0545		0.000588	-0.037441
0.05455		0.000616	-0.037727
0.0546		0.000282	-0.037444
0.05465		-0.000259	-0.037694
0.0547		-0.000289	-0.037344
0.05475		-0.000343	-0.03784
0.0548		-0.000285	-0.029694
0.05485		-0.000339	-0.023348
0.0549		-0.000384	-0.023395
0.05495		-0.000343	-0.022742
0.055		-0.000295	-0.023152
0.05505		-0.000354	-0.022693
0.0551		-0.0003	-0.023061
0.05515		-0.000329	-0.022624
0.0552		-0.000256	-0.023067
0.05525		-0.000614	-0.022547
0.0553		-0.001995	-0.023215
0.05535		-0.002272	-0.022435
0.0554		-0.002373	-0.023741
0.05545		-0.002389	-0.014726
0.0555		-0.002354	-0.004006
0.05555		-0.002387	-0.003563
0.0556		-0.00238	-0.002745
0.05565		-0.002373	-0.003113
0.0557		-0.002357	-0.00269
0.05575		-0.002365	-0.003031
0.0558		-0.002436	-0.002823
0.05585		-0.002362	-0.003006
0.0559		-0.002409	-0.002869
0.05595		-0.002442	-0.00305
0.056		-0.002357	-0.00278
0.05605		-0.002388	-0.003223
0.0561		-0.002403	-0.001777
0.05615		-0.0024	0.002324
0.0562		-0.002388	0.003211
0.05625		-0.002429	0.003352
0.0563		-0.002358	0.00335
0.05635		-0.002395	0.003388
0.0564		-0.002387	0.003316
0.05645		-0.002436	0.003411
0.0565		-0.002328	0.00334
0.05655		-0.002468	0.003419
0.0566		-0.001759	0.003303
0.05665		-0.000425	0.003453
0.0567		-0.000356	0.003316
0.05675		-0.000276	0.003601
0.0568		-0.000377	0.000123
0.05685		-0.000295	-0.003562
0.0569		-0.000325	-0.003585
0.05695		-0.000267	-0.003998
0.057		-0.000332	-0.003799
0.05705		-0.000247	-0.004047
0.0571		-0.000296	-0.0037
0.05715		-0.000276	-0.004085
0.0572		-0.000373	-0.003722
0.05725		0.000207	-0.004192
0.0573		0.001423	-0.003636
0.05735		0.001601	-0.004359
0.0574		0.00164	-0.003252
0.05745		0.001638	-0.013339
0.0575		0.001677	-0.023041
0.05755		0.001585	-0.023283
0.0576		0.001593	-0.024121
0.05765		0.001597	-0.023739
0.0577		0.001534	-0.024048
0.05775		0.001564	-0.023793
0.0578		0.001634	-0.024047
0.05785		0.001719	-0.023824
0.0579		0.001568	-0.023906
0.05795		0.000858	-0.023905
0.058		0.00067	-0.023909
0.05805		0.000536	-0.023922
0.0581		0.000585	-0.023351
0.05815		0.000576	-0.020546
0.0582		0.000595	-0.019874
0.05825		0.000561	-0.019694
0.0583		0.000637	-0.019712
0.05835		0.000561	-0.019568
0.0584		0.000581	-0.019649
0.05845		0.000532	-0.019616
0.0585		0.000573	-0.019715
0.05855		0.000489	-0.01956
0.0586		0.002207	-0.019651
0.05865		0.003582	-0.019503
0.0587		0.003589	-0.019781
0.05875		0.003696	-0.019058
0.0588		0.003723	-0.015595
0.05885		0.00374	-0.014349
0.0589		0.003763	-0.014392
0.05895		0.003688	-0.014194
0.059		0.003752	-0.014434
0.05905		0.003678	-0.014151
0.0591		0.003748	-0.014423
0.05915		0.003689	-0.014107
0.0592		0.003833	-0.01454
0.05925		0.002879	-0.013953
0.0593		0.000949	-0.014667
0.05935		0.000679	-0.013657
0.0594		0.000583	-0.014792
0.05945		0.000679	0.007418
0.0595		0.000525	0.023323
0.05955		0.000596	0.023704
0.0596		0.000522	0.025026
0.05965		0.000521	0.024365
0.0597		0.000576	0.024883
0.05975		0.000595	0.0246
0.0598		0.000531	0.024827
0.05985		0.000529	0.02463
0.0599		0.000714	0.024634
0.05995		0.001401	0.024793
0.06		0.001588	0.024457
0.06005		0.001594	0.025081
0.0601		0.001608	0.019179
0.06015		0.001625	0.0125
0.0602		0.001583	0.012311
0.06025		0.001549	0.011671
0.0603		0.001588	0.012005
0.06035		0.001625	0.011773
0.0604		0.001568	0.011915
0.06045		0.001611	0.011851
0.0605		0.001544	0.011936
0.06055		0.001571	0.011901
0.0606		0.001618	0.011784
0.06065		0.001612	0.012038
0.0607		0.001637	0.011544
0.06075		0.001572	0.013979
0.0608		0.001611	0.025344
0.06085		0.001567	0.028361
0.0609		0.001567	0.028829
0.06095		0.001566	0.02879
0.061		0.001631	0.028928
0.06105		0.001505	0.028864
0.0611		0.001597	0.028869
0.06115		0.001563	0.028825
0.0612		0.001681	0.028866
0.06125		0.000784	0.028823
0.0613		-0.000193	0.028829
0.06135		-0.000278	0.028912
0.0614		-0.000332	0.02779
0.06145		-0.000232	0.016688
0.0615		-0.000335	0.012316
0.06155		-0.000332	0.012087
0.0616		-0.000319	0.011782
0.06165		-0.000266	0.011869
0.0617		-0.000356	0.011812
0.06175		-0.000328	0.011894
0.0618		-0.000324	0.011834
0.06185		-0.000332	0.011788
0.0619		-0.000229	0.011838
0.06195		0.000402	0.011794
0.062		0.000579	0.011942
0.06205		0.000606	0.011713
0.0621		0.000561	0.014551
0.06215		0.000555	0.016988
0.0622		0.000515	0.017065
0.06225		0.000587	0.017224
0.0623		0.000547	0.017112
0.06235		0.00058	0.017134
0.0624		0.000588	0.017084
0.06245		0.000577	0.017191
0.0625		0.000561	0.017246
0.06255		0.000691	0.017191
0.0626		0.00211	0.017217
0.06265		0.002612	0.01701
0.0627		0.002632	0.017326
0.06275		0.002655	0.015896
0.0628		0.002621	0.008755
0.06285		0.002661	0.006796
0.0629		0.00266	0.006567
0.06295		0.002665	0.00658
0.063		0.00268	0.006584
0.06305		0.002683	0.006486
0.0631		0.002596	0.006484
0.06315		0.002575	0.00638
0.0632		0.002687	0.006571
0.06325		0.00153	0.006399
0.0633		0.000718	0.006624
0.06335		0.000674	0.006172
0.0634		0.000591	0.008253
0.06345		0.000609	0.018237
0.0635		0.00051	0.020978
0.06355		0.000616	0.021282
0.0636		0.000616	0.02126
0.06365		0.000591	0.021414
0.0637		0.000526	0.021289
0.06375		0.000657	0.02143
0.0638		0.000487	0.021274
0.06385		0.000642	0.021381
0.0639		-9.60E-05	0.021226
0.06395		-0.001999	0.021418
0.064		-0.002335	0.021145
0.06405		-0.002387	0.02161
0.0641		-0.002421	0.016892
0.06415		-0.002421	0.012153
0.0642		-0.002392	0.012112
0.06425		-0.002389	0.011577
0.0643		-0.002443	0.011802
0.06435		-0.002394	0.011594
0.0644		-0.002391	0.011879
0.06445		-0.00235	0.011559
0.0645		-0.00252	0.011845
0.06455		-0.001889	0.011518
0.0646		8.23E-05	0.011897
0.06465		0.000484	0.011442
0.0647		0.000633	0.012194
0.06475		0.000585	0.008774
0.0648		0.000636	0.001509
0.06485		0.000602	0.000481
0.0649		0.000574	7.81E-05
0.06495		0.000562	7.95E-05
0.065		0.000561	0.000155
0.06505		0.000535	0.000147
0.0651		0.00058	0.000134
0.06515		0.000489	4.80E-05
0.0652		0.000592	0.000239
0.06525		-2.60E-05	-6.31E-05
0.0653		-0.000336	0.000333
0.06535		-0.000234	-0.000374
0.0654		-0.000269	0.003187
0.06545		-0.000308	0.017279
0.0655		-0.000297	0.020653
0.06555		-0.000313	0.021228
0.0656		-0.000317	0.021248
0.06565		-0.00041	0.021312
0.0657		-0.000293	0.02129
0.06575		-0.000274	0.021301
0.0658		-0.000273	0.021305
0.06585		-0.000304	0.02129
0.0659		4.80E-05	0.021319
0.06595		0.0006	0.021281
0.066		0.000563	0.021355
0.06605		0.000547	0.021021
0.0661		0.000561	0.018999
0.06615		0.000557	0.018148
0.0662		0.00055	0.018177
0.06625		0.000589	0.017914
0.0663		0.000561	0.018211
0.06635		0.000557	0.017915
0.0664		0.000635	0.01817
0.06645		0.000515	0.017779
0.0665		0.000643	0.018356
0.06655		0.000192	0.017664
0.0666		-0.001075	0.018526
0.06665		-0.001271	0.017308
0.0667		-0.001348	0.019331
0.06675		-0.00132	0.005105
0.0668		-0.001383	-0.01169
0.06685		-0.001313	-0.012483
0.0669		-0.001342	-0.013797
0.06695		-0.001339	-0.013272
0.067		-0.001349	-0.013757
0.06705		-0.001371	-0.013429
0.0671		-0.001381	-0.013679
0.06715		-0.001327	-0.013476
0.0672		-0.001379	-0.013527
0.06725		-0.002132	-0.01369
0.0673		-0.002369	-0.013354
0.06735		-0.002374	-0.013922
0.0674		-0.00235	-0.010557
0.06745		-0.002424	-0.003989
0.0675		-0.002416	-0.00349
0.06755		-0.002425	-0.002954
0.0676		-0.002429	-0.003193
0.06765		-0.002484	-0.002972
0.0677		-0.002351	-0.003154
0.06775		-0.002433	-0.003017
0.0678		-0.002351	-0.003138
0.06785		-0.002498	-0.003048
0.0679		-0.000931	-0.003128
0.06795		0.000414	-0.002939
0.068		0.000499	-0.003309
0.06805		0.000648	-0.001897
0.0681		0.000562	0.005133
0.06815		0.000542	0.007127
0.0682		0.000591	0.007422
0.06825		0.000624	0.007406
0.0683		0.000558	0.007481
0.06835		0.000602	0.007308
0.0684		0.000617	0.007569
0.06845		0.000533	0.007269
0.0685		0.000691	0.007582
0.06855		-4.52E-05	0.007188
0.0686		-0.001205	0.007779
0.06865		-0.001354	0.00685
0.0687		-0.001393	0.008334
0.06875		-0.001324	-0.000507
0.0688		-0.001367	-0.013941
0.06885		-0.001324	-0.014798
0.0689		-0.001331	-0.015894
0.06895		-0.001328	-0.015336
0.069		-0.001341	-0.015941
0.06905		-0.00132	-0.015379
0.0691		-0.001343	-0.015861
0.06915		-0.00135	-0.015364
0.0692		-0.001345	-0.015916
0.06925		-0.001283	-0.015332
0.0693		-0.001283	-0.016055
0.06935		-0.001256	-0.014991
0.0694		-0.001328	-0.021689
0.06945		-0.001398	-0.028478
0.0695		-0.001342	-0.028977
0.06955		-0.001393	-0.029277
0.0696		-0.001331	-0.029398
0.06965		-0.001319	-0.029259
0.0697		-0.001352	-0.029424
0.06975		-0.001331	-0.029085
0.0698		-0.001264	-0.029553
0.06985		-0.001293	-0.028863
0.0699		0.000488	-0.029798
0.06995		0.001503	-0.028412
0.07		0.00154	-0.031014
0.07005		0.001579	-0.018754
0.0701		0.001598	0.014818
0.07015		0.001663	0.020553
0.0702		0.001593	0.022466
0.07025		0.001593	0.021977
0.0703		0.001653	0.02258
0.07035		0.001567	0.022091
0.0704		0.001564	0.022564
0.07045		0.001516	0.022109
0.0705		0.001635	0.022521
0.07055		0.00105	0.022067
0.0706		-0.000125	0.022542
0.07065		-0.000266	0.022092
0.0707		-0.000314	0.021634
0.07075		-0.000308	-0.002023
0.0708		-0.000366	-0.014433
0.07085		-0.000315	-0.014806
0.0709		-0.000269	-0.015787
0.07095		-0.00026	-0.015291
0.071		-0.000359	-0.015674
0.07105		-0.000367	-0.015489
0.0711		-0.000285	-0.01563
0.07115		-0.000344	-0.015497
0.0712		-0.000103	-0.015657
0.07125		0.000499	-0.015523
0.0713		0.000531	-0.015605
0.07135		0.00062	-0.015608
0.0714		0.000602	-0.015225
0.07145		0.000585	-0.014484
0.0715		0.000552	-0.014511
0.07155		0.000577	-0.01443
0.0716		0.000573	-0.01446
0.07165		0.000603	-0.014362
0.0717		0.000591	-0.01446
0.07175		0.000577	-0.014371
0.0718		0.000528	-0.014548
0.07185		0.000526	-0.014423
0.0719		0.000547	-0.014629
0.07195		0.000579	-0.014351
0.072		0.000627	-0.014629
0.07205		0.000546	-0.01324
0.0721		0.00054	-0.01069
0.07215		0.000562	-0.010434
0.0722		0.000584	-0.010227
0.07225		0.000591	-0.010238
0.0723		0.00057	-0.010221
0.07235		0.000587	-0.010264
0.0724		0.00054	-0.010316
0.07245		0.000562	-0.01025
0.0725		0.000506	-0.010242
0.07255		0.000993	-0.010238
0.0726		0.001533	-0.010256
0.07265		0.001549	-0.010211
0.0727		0.001574	-0.009761
0.07275		0.001563	-0.000384
0.0728		0.001598	0.003945
0.07285		0.00155	0.004062
0.0729		0.001566	0.004461
0.07295		0.001549	0.004299
0.073		0.001596	0.004503
0.07305		0.001612	0.00439
0.0731		0.001549	0.004418
0.07315		0.001633	0.004396
0.0732		0.001239	0.004434
0.07325		0.000659	0.004327
0.0733		0.000659	0.004418
0.07335		0.000559	0.004365
0.0734		0.000581	0.003257
0.07345		0.000565	0.002277
0.0735		0.000551	0.002398
0.07355		0.000558	0.002269
0.0736		0.000573	0.002373
0.07365		0.000517	0.002177
0.0737		0.000581	0.002359
0.07375		0.000569	0.002125
0.0738		0.000563	0.002365
0.07385		0.000563	0.002124
0.0739		0.000562	0.002529
0.07395		0.000563	0.001917
0.074		0.000595	0.002854
0.07405		0.000595	-0.002278
0.0741		0.000561	-0.010198
0.07415		0.000561	-0.010888
0.0742		0.000546	-0.011455
0.07425		0.000554	-0.011207
0.0743		0.00057	-0.011385
0.07435		0.000547	-0.011274
0.0744		0.00055	-0.011296
0.07445		0.000547	-0.011344
0.0745		0.000566	-0.01137
0.07455		1.37E-06	-0.011443
0.0746		-0.000339	-0.011092
0.07465		-0.000381	-0.011654
0.0747		-0.000326	-0.009111
0.07475		-0.000339	-0.002284
0.0748		-0.000344	-0.001187
0.07485		-0.000328	-0.000812
0.0749		-0.00028	-0.000883
0.07495		-0.000382	-0.000775
0.075		-0.000289	-0.000892
0.07505		-0.000355	-0.00078
0.0751		-0.00026	-0.00086
0.07515		-0.00052	-0.000775
0.0752		0.000606	-0.000897
0.07525		0.002381	-0.000754
0.0753		0.002527	-0.000876
0.07535		0.002643	-0.001099
0.0754		0.002606	-0.006469
0.07545		0.002677	-0.008927
0.0755		0.002631	-0.009095
0.07555		0.002638	-0.009252
0.0756		0.002579	-0.009175
0.07565		0.002629	-0.009143
0.0757		0.002658	-0.009184
0.07575		0.002647	-0.009089
0.0758		0.002764	-0.009228
0.07585		0.002167	-0.009022
0.0759		0.000851	-0.009325
0.07595		0.000669	-0.00896
0.076		0.000577	-0.009472
0.07605		0.0006	-0.004148
0.0761		0.000528	0.000839
0.07615		0.00055	0.000965
0.0762		0.00062	0.001322
0.07625		0.000642	0.001186
0.0763		0.0006	0.001276
0.07635		0.000581	0.00123
0.0764		0.000562	0.001254
0.07645		0.000581	0.001186
0.0765		0.000583	0.001169
0.07655		0.000562	0.001182
0.0766		0.000605	0.001142
0.07665		0.00057	0.001334
0.0767		0.000603	-6.58E-05
0.07675		0.000544	-0.002555
0.0768		0.000521	-0.002783
0.07685		0.000629	-0.002954
0.0769		0.000643	-0.002887
0.07695		0.000587	-0.002919
0.077		0.0006	-0.002901
0.07705		0.000535	-0.002882
0.0771		0.000576	-0.002883
0.07715		0.000502	-0.002809
0.0772		0.00098	-0.003074
0.07725		0.00153	-0.00271
0.0773		0.001541	-0.003426
0.07735		0.001459	-0.00017
0.0774		0.00157	0.0139
0.07745		0.001622	0.017523
0.0775		0.001582	0.018138
0.07755		0.001589	0.018029
0.0776		0.001612	0.018169
0.07765		0.00159	0.018149
0.0777		0.001585	0.018211
0.07775		0.001526	0.018167
0.0778		0.001619	0.018281
0.07785		0.000983	0.018117
0.0779		-0.000144	0.0182
0.07795		-0.000265	0.018064
0.078		-0.000314	0.018137
0.07805		-0.000319	0.012969
0.0781		-0.000348	0.009914
0.07815		-0.000348	0.009887
0.0782		-0.000325	0.009622
0.07825		-0.000362	0.009707
0.0783		-0.000348	0.009648
0.07835		-0.000358	0.009679
0.0784		-0.000299	0.009625
0.07845		-0.000352	0.009642
0.0785		-8.23E-06	0.009707
0.07855		0.001253	0.009639
0.0786		0.001535	0.009644
0.07865		0.001589	0.009491
0.0787		0.001609	0.010504
0.07875		0.001603	0.012488
0.0788		0.001583	0.012689
0.07885		0.001527	0.012888
0.0789		0.001509	0.012856
0.07895		0.001589	0.012867
0.079		0.001568	0.012836
0.07905		0.001626	0.012837
0.0791		0.001574	0.012737
0.07915		0.001575	0.012855
0.0792		0.000958	0.012837
0.07925		0.000616	0.012818
0.0793		0.000585	0.01284
0.07935		0.000548	0.012618
0.0794		0.00062	0.011899
0.07945		0.00054	0.011769
0.0795		0.00055	0.01171
0.07955		0.000558	0.011764
0.0796		0.000569	0.011705
0.07965		0.000548	0.011708
0.0797		0.000569	0.011699
0.07975		0.000522	0.011714
0.0798		0.000521	0.011732
0.07985		0.000998	0.011657
0.0799		0.001546	0.011702
0.07995		0.001549	0.011783
0.08		0.001597	0.011114
0.08005		0.001544	0.005445
0.0801		0.001575	0.003537
0.08015		0.001638	0.003285
0.0802		0.001596	0.003283
0.08025		0.001579	0.003138
0.0803		0.001511	0.003246
0.08035		0.001622	0.003072
0.0804		0.001537	0.003342
0.08045		0.001629	0.003017
0.0805		0.001061	0.003434
0.08055		-0.000123	0.002886
0.0806		-0.000258	0.003738
0.08065		-0.000339	0.002625
0.0807		-0.00038	0.015164
0.08075		-0.000376	0.025573
0.0808		-0.000355	0.025906
0.08085		-0.000335	0.026689
0.0809		-0.000318	0.026386
0.08095		-0.000421	0.026557
0.081		-0.000411	0.026504
0.08105		-0.000354	0.026498
0.0811		-0.000382	0.026652
0.08115		-0.000228	0.026335
0.0812		0.00109	0.026759
0.08125		0.001534	0.026066
0.0813		0.001622	0.027443
0.08135		0.001555	0.020332
0.0814		0.001549	0.005042
0.08145		0.001583	0.003
0.0815		0.001593	0.002124
0.08155		0.001563	0.002454
0.0816		0.001552	0.002117
0.08165		0.001546	0.002232
0.0817		0.001515	0.00213
0.08175		0.001515	0.002132
0.0818		0.001529	0.002189
0.08185		0.000998	0.002091
0.0819		0.000574	0.002376
0.08195		0.000613	0.001714
0.082		0.000566	0.004986
0.08205		0.000625	0.016282
0.0821		0.000536	0.018542
0.08215		0.000581	0.01918
0.0822		0.000552	0.018973
0.08225		0.000535	0.019202
0.0823		0.000529	0.019062
0.08235		0.000568	0.019126
0.0824		0.000599	0.018988
0.08245		0.000474	0.01913
0.0825		0.000802	0.018903
0.08255		0.001456	0.019194
0.0826		0.00156	0.018957
0.08265		0.001611	0.018221
0.0827		0.001568	-0.003058
0.08275		0.001553	-0.01366
0.0828		0.001529	-0.013996
0.08285		0.001589	-0.014759
0.0829		0.001553	-0.014353
0.08295		0.001581	-0.014761
0.083		0.001563	-0.014422
0.08305		0.001575	-0.014681
0.0831		0.0016	-0.01441
0.08315		0.001563	-0.014654
0.0832		0.001589	-0.014366
0.08325		0.001563	-0.0147
0.0833		0.001544	-0.014392
0.08335		0.001519	-0.016083
0.0834		0.001563	-0.017552
0.08345		0.001549	-0.017764
0.0835		0.001533	-0.017853
0.08355		0.001589	-0.017829
0.0836		0.001548	-0.017742
0.08365		0.001501	-0.017793
0.0837		0.001593	-0.017631
0.08375		0.001479	-0.017808
0.0838		0.001652	-0.017678
0.08385		3.56E-05	-0.01793
0.0839		-0.001242	-0.017604
0.08395		-0.001276	-0.018215
0.084		-0.001422	-0.015469
0.08405		-0.001337	-0.008626
0.0841		-0.00139	-0.007587
0.08415		-0.001343	-0.007181
0.0842		-0.001343	-0.007317
0.08425		-0.001353	-0.007153
0.0843		-0.001382	-0.007319
0.08435		-0.001381	-0.007153
0.0844		-0.001416	-0.0073
0.08445		-0.001394	-0.007129
0.0845		-0.001371	-0.007304
0.08455		-0.0014	-0.007177
0.0846		-0.001353	-0.007336
0.08465		-0.00139	-0.007215
0.0847		-0.001397	-0.011583
0.08475		-0.001378	-0.01432
0.0848		-0.001367	-0.014397
0.08485		-0.001371	-0.014589
0.0849		-0.001394	-0.014486
0.08495		-0.001338	-0.014526
0.085		-0.001401	-0.01451
0.08505		-0.001449	-0.014444
0.0851		-0.001448	-0.014538
0.08515		-0.001179	-0.014437
0.0852		-0.000507	-0.014526
0.08525		-0.000384	-0.014345
0.0853		-0.00038	-0.014729
0.08535		-0.000406	-0.011405
0.0854		-0.00034	-0.008476
0.08545		-0.000388	-0.008342
0.0855		-0.000367	-0.008206
0.08555		-0.000365	-0.008206
0.0856		-0.000326	-0.008228
0.08565		-0.00033	-0.008201
0.0857		-0.000347	-0.008242
0.08575		-0.000389	-0.00814
0.0858		-0.000384	-0.008316
0.08585		-0.001009	-0.008032
0.0859		-0.001335	-0.00848
0.08595		-0.001419	-0.007655
0.086		-0.0014	-0.011464
0.08605		-0.001394	-0.024626
0.0861		-0.001389	-0.027648
0.08615		-0.001379	-0.028153
0.0862		-0.001385	-0.028328
0.08625		-0.001393	-0.028242
0.0863		-0.001422	-0.028317
0.08635		-0.001378	-0.028206
0.0864		-0.001424	-0.028389
0.08645		-0.001383	-0.028035
0.0865		-0.000881	-0.028457
0.08655		-0.000382	-0.027768
0.0866		-0.000396	-0.029122
0.08665		-0.000304	-0.022823
0.0867		-0.000439	0.003046
0.08675		-0.000362	0.009531
0.0868		-0.000348	0.010622
0.08685		-0.000234	0.010666
0.0869		-0.000317	0.010819
0.08695		-0.000243	0.010725
0.087		-0.000443	0.010825
0.08705		-0.000274	0.010648
0.0871		-0.000504	0.010855
0.08715		0.001098	0.010648
0.0872		0.003416	0.010775
0.08725		0.00351	0.01057
0.0873		0.003706	0.010853
0.08735		0.003684	0.006985
0.0874		0.003678	0.003615
0.08745		0.00366	0.003601
0.0875		0.003706	0.003201
0.08755		0.003652	0.003427
0.0876		0.003659	0.003153
0.08765		0.003634	0.003403
0.0877		0.003604	0.003089
0.08775		0.003667	0.003418
0.0878		0.003307	0.003089
0.08785		0.001287	0.003545
0.0879		0.000679	0.002971
0.08795		0.000605	0.003963
0.088		0.000547	-0.0024
0.08805		0.000507	-0.010342
0.0881		0.000507	-0.010826
0.08815		0.000524	-0.011428
0.0882		0.000543	-0.011196
0.08825		0.000525	-0.011403
0.0883		0.000542	-0.011257
0.08835		0.00054	-0.011425
0.0884		0.000535	-0.011307
0.08845		0.000537	-0.011302
0.0885		0.000555	-0.011328
0.08855		0.000594	-0.011204
0.0886		0.000594	-0.011557
0.08865		0.000573	-0.009886
0.0887		0.000579	-0.004381
0.08875		0.000488	-0.003272
0.0888		0.000543	-0.002952
0.08885		0.000539	-0.003054
0.0889		0.000572	-0.00293
0.08895		0.000489	-0.003064
0.089		0.000525	-0.002976
0.08905		0.0005	-0.003001
0.0891		0.000705	-0.002953
0.08915		-0.000207	-0.002983
0.0892		-0.001237	-0.002921
0.08925		-0.001232	-0.003205
0.0893		-0.001368	-0.001512
0.08935		-0.001383	0.009659
0.0894		-0.001434	0.013383
0.08945		-0.001394	0.013721
0.0895		-0.001375	0.013878
0.08955		-0.001409	0.013922
0.0896		-0.001411	0.013854
0.08965		-0.0014	0.013867
0.0897		-0.001364	0.013726
0.08975		-0.001365	0.013871
0.0898		-0.000872	0.013716
0.08985		0.000344	0.014012
0.0899		0.000555	0.013691
0.08995		0.000503	0.014268
0.09		0.000529	0.009265
0.09005		0.000559	0.003852
0.0901		0.000561	0.003667
0.09015		0.000515	0.00323
0.0902		0.000521	0.003442
0.09025		0.000535	0.003246
0.0903		0.000513	0.003304
0.09035		0.000496	0.003237
0.0904		0.000535	0.00329
0.09045		0.000433	0.003235
0.0905		-0.000158	0.003297
0.09055		-0.000287	0.003233
0.0906		-0.000352	0.00323
0.09065		-0.000344	0.003588
0.0907		-0.000424	0.00428
0.09075		-0.000403	0.004365
0.0908		-0.000413	0.004454
0.09085		-0.00037	0.004442
0.0909		-0.000413	0.004418
0.09095		-0.000302	0.004418
0.091		-0.000318	0.004434
0.09105		-0.000293	0.004366
0.0911		-0.000376	0.004342
0.09115		0.000661	0.004387
0.0912		0.001479	0.004396
0.09125		0.00152	0.004251
0.0913		0.001604	0.004457
0.09135		0.001534	0.005163
0.0914		0.001567	0.005348
0.09145		0.001563	0.005441
0.0915		0.001578	0.00541
0.09155		0.001548	0.005403
0.0916		0.00157	0.005459
0.09165		0.001574	0.005455
0.0917		0.001635	0.005418
0.09175		0.001586	0.005421
0.0918		0.001534	0.0053
0.09185		0.001578	0.005425
0.0919		0.001578	0.005229
0.09195		0.001544	0.005416
0.092		0.001549	0.001777
0.09205		0.001524	-0.00068
0.0921		0.00154	-0.000742
0.09215		0.001538	-0.000949
0.0922		0.001524	-0.000828
0.09225		0.001527	-0.000887
0.0923		0.001553	-0.000886
0.09235		0.001563	-0.000942
0.0924		0.001577	-0.000827
0.09245		0.001513	-0.000906
0.0925		0.00152	-0.00086
0.09255		0.001583	-0.000857
0.0926		0.001588	-0.000928
0.09265		0.001601	-0.000444
0.0927		0.001557	3.98E-05
0.09275		0.001542	9.60E-05
0.0928		0.001538	0.000206
0.09285		0.001496	2.74E-05
0.0929		0.001544	0.000178
0.09295		0.001479	9.46E-05
0.093		0.001537	0.000184
0.09305		0.001555	0.000138
0.0931		0.001535	0.000189
0.09315		0.000898	9.46E-05
0.0932		0.000562	0.000191
0.09325		0.000569	5.76E-05
0.0933		0.00047	0.000872
0.09335		0.0005	0.002861
0.0934		0.000577	0.003168
0.09345		0.000543	0.0033
0.0935		0.000518	0.003272
0.09355		0.000504	0.003329
0.0936		0.000499	0.003245
0.09365		0.000511	0.003244
0.0937		0.000539	0.003274
0.09375		0.000548	0.003304
0.0938		0.000496	0.0033
0.09385		0.000532	0.003267
0.0939		0.000533	0.003215
0.09395		0.000535	0.003629
0.094		0.000561	0.007806
0.09405		0.000462	0.009474
0.0941		0.000484	0.009591
0.09415		0.000513	0.009665
0.0942		0.000566	0.009602
0.09425		0.000589	0.009602
0.0943		0.000494	0.009559
0.09435		0.00051	0.00952
0.0944		0.000524	0.009579
0.09445		0.000526	0.009665
0.0945		0.000554	0.009654
0.09455		0.000521	0.00962
0.0946		0.000533	0.009595
0.09465		0.000565	0.009204
0.0947		0.0005	0.008608
0.09475		0.000528	0.008564
0.0948		0.000511	0.008534
0.09485		0.000572	0.008576
0.0949		0.000537	0.008512
0.09495		0.00052	0.008557
0.095		0.000526	0.008579
0.09505		0.000484	0.008586
0.0951		0.000491	0.008482
0.09515		-7.81E-05	0.008615
0.0952		-0.000329	0.008421
0.09525		-0.000388	0.008755
0.0953		-0.000376	0.007075
0.09535		-0.000395	0.003851
0.0954		-0.000396	0.003457
0.09545		-0.00038	0.003186
0.0955		-0.000428	0.003261
0.09555		-0.00033	0.003146
0.0956		-0.000378	0.003307
0.09565		-0.000345	0.003183
0.0957		-0.000393	0.003276
0.09575		-0.000365	0.0032
0.0958		-0.001581	0.00327
0.09585		-0.002414	0.003145
0.0959		-0.002462	0.003261
0.09595		-0.00254	0.003743
0.096		-0.002485	0.013843
0.09605		-0.002454	0.018714
0.0961		-0.002416	0.018954
0.09615		-0.002396	0.019242
0.0962		-0.002476	0.019064
0.09625		-0.002443	0.019175
0.0963		-0.002413	0.019171
0.09635		-0.002432	0.019153
0.0964		-0.00248	0.019164
0.09645		-0.002114	0.019097
0.0965		-0.00149	0.019183
0.09655		-0.001405	0.019079
0.0966		-0.001402	0.018699
0.09665		-0.001376	0.007814
0.0967		-0.001378	0.002701
0.09675		-0.001387	0.002446
0.0968		-0.001356	0.0022
0.09685		-0.001379	0.002103
0.0969		-0.001359	0.002189
0.09695		-0.001391	0.002151
0.097		-0.001356	0.002307
0.09705		-0.001461	0.001996
0.0971		-0.001175	0.002448
0.09715		0.000843	0.001812
0.0972		0.001496	0.002745
0.09725		0.00146	0.000977
0.0973		0.001574	0.010301
0.09735		0.00153	0.025296
0.0974		0.001524	0.026746
0.09745		0.001523	0.027714
0.0975		0.001542	0.027432
0.09755		0.001494	0.027628
0.0976		0.001508	0.027466
0.09765		0.001545	0.027469
0.0977		0.001545	0.027636
0.09775		0.001572	0.027325
0.0978		0.000949	0.027755
0.09785		0.000539	0.027027
0.0979		0.000504	0.028486
0.09795		0.000504	0.02132
0.098		0.000568	0.003588
0.09805		0.000542	0.000954
0.0981		0.000506	-0.000167
0.09815		0.00051	0.000193
0.0982		0.000532	-0.000189
0.09825		0.000472	9.46E-05
0.0983		0.000533	-8.77E-05
0.09835		0.000535	5.89E-05
0.0984		0.00055	-5.35E-05
0.09845		0.000529	9.73E-05
0.0985		0.000507	-6.17E-05
0.09855		0.000458	-6.17E-05
0.0986		0.000487	0.001002
0.09865		0.000484	0.01349
0.0987		0.000529	0.018524
0.09875		0.000554	0.018801
0.0988		0.000547	0.019089
0.09885		0.000529	0.018956
0.0989		0.000472	0.019036
0.09895		0.0005	0.01902
0.099		0.000506	0.019145
0.09905		0.000589	0.019025
0.0991		0.000382	0.019045
0.09915		-0.000203	0.018986
0.0992		-0.000363	0.019068
0.09925		-0.000381	0.019032
0.0993		-0.000409	0.017966
0.09935		-0.000385	0.016977
0.0994		-0.00034	0.017088
0.09945		-0.000319	0.016821
0.0995		-0.000328	0.017028
0.09955		-0.000317	0.016762
0.0996		-0.000314	0.017024
0.09965		-0.000384	0.016761
0.0997		-0.000393	0.017151
0.09975		-0.000314	0.01664
0.0998		0.000318	0.017204
0.09985		0.000496	0.016377
0.0999		0.000535	0.017809
0.09995		0.000548	0.010524
