0	0.088689	5.100567	8.014438     
1	0.11473		1.555627	3.357723
2	0.186453	2.151064	5.502578
3	0.053098	1.000532	3.535394
4	0.098478	0.800847	3.758021
5	0.06974		0.598338	3.050716
6	0.054794	0.486533	2.846719
7	0.037606	0.419157	2.730973
8	0.102245	0.49208		3.027206
9	0.230545	0.58344		3.091995
10	0.22847		0.572647	3.379289
11	0.261606	0.700639	3.614152
12	0.370302	0.791706	3.836805
13	0.347781	0.923505	3.998008
14	0.422174	1.108097	4.047639
15	0.5471		1.356354	4.42387
16	0.680769	1.552829	4.568789
17	0.762379	1.871268	4.948833
18	0.861012	2.135704	5.085981
19	0.897225	2.470682	5.536777
20	1.061221	2.805301	5.769706
21	1.59913		3.572373	6.465881
22	1.611175	3.823325	6.463888
23	1.872508	4.582701	7.201862
24	2.023835	5.18248		7.620828
25	2.313358	5.967683	8.220986
26	2.657103	6.931042	8.888737
27	3.204585	8.410147	10.173558
28	3.753768	9.89674		11.254603
29	4.558162	11.920621	12.762577
30	5.427014	13.990078	14.060887
31	6.968405	17.753745	16.766265
32	8.640588	22.010702	19.539191
33	11.635297	29.818052	24.924025
34	15.947025	41.159521	32.479246
35	24.310606	61.259318	45.490451
36	42.627098	94.309732	64.253604
37	62.741706	140.195031	90.368186
38	40.194836	100.045979	62.794114
39	26.529215	67.517364	39.807831
40	19.081727	48.168714	26.497715
41	15.993716	39.968022	20.508198
42	13.286138	32.937834	15.7483
43	11.95892	29.658582	13.176503
44	10.772068	26.617896	10.944811
45	9.852988	24.419982	9.26272
46	9.203946	22.77037	7.854697
47	8.6763		21.411445	6.703546
48	8.162407	20.108017	5.645621
49	8.073951	19.828156	4.978121
50	7.652707	18.739641	4.162262
51	7.607059	18.50205	3.546582
52	7.269545	17.608105	2.86762
53	7.310684	17.593037	2.345421
54	7.037616	16.925572	1.830395
55	6.990632	16.71749	1.382602
56	6.882205	16.236035	0.93735
57	6.976926	16.550926	0.696806
58	6.777144	15.970306	0.752838
59	6.771977	15.964767	0.93974
60	6.738956	15.798234	1.295843
61	6.909168	16.016387	1.78815
62	6.845583	15.767951	2.197185
63	7.078286	16.126511	2.729711
64	6.913866	15.738365	3.096125
65	7.124386	16.10182	3.642897
66	6.93417		15.626649	4.003384
67	7.188963	16.149846	4.595866
68	7.151956	15.992845	5.062761
69	7.377863	16.573716	5.714613
70	7.22008		16.183785	6.046208
71	7.552028	16.824326	6.817701
72	7.532089	16.670791	7.266125
73	7.882598	17.250917	8.06415
74	7.902341	17.181775	8.599283
75	8.238944	17.945602	9.531914
76	8.277513	17.902667	10.127957
77	8.578819	18.387795	11.032549
78	8.721022	18.571893	11.759343
79	9.095285	19.168113	12.762114
80	9.265577	19.394589	13.524957
81	9.870472	20.576643	15.007491
82	10.030623	20.688987	15.801525
83	10.509639	21.417843	17.079329
84	10.944497	21.949533	18.244203
85	11.621152	22.971267	19.890306
86	11.867825	23.143497	20.853215
87	12.854144	24.610832	22.98708
88	13.446441	24.93755	24.244719
89	14.572425	26.625966	26.798001
90	15.179069	27.221638	28.339114
91	16.508336	28.939651	31.159055
92	17.374103	29.819319	33.1436
93	19.025714	31.951645	36.659902
94	20.357866	33.429426	39.600629
95	22.30826	35.93588	43.852062
96	23.649766	37.334824	46.866281
97	26.379489	40.813582	52.701054
98	28.253537	42.798156	56.806315
99	31.814884	47.082301	64.134443
100	34.498824	49.727625	69.440546
101	38.96809	54.633817	78.167351
102	42.747165	58.321845	85.333716
103	49.382099	65.714245	98.267945
104	54.073184	70.433126	107.505537
105	60.136506	77.012669	120.059985
106	63.786936	80.575895	128.450979
107	66.960117	83.589266	136.384231
108	67.077071	82.457675	137.816098
109	65.702064	79.147384	135.57044
110	60.724524	71.787212	126.054462
111	57.160251	66.194667	119.033081
112	51.025383	59.05087	108.730952
113	46.70829	53.830886	101.487201
114	42.798622	47.616761	91.88106
115	40.463278	43.587774	85.995123
116	37.00443	38.977561	78.576454
117	34.878238	36.023848	74.205735
118	32.067304	32.641208	68.656894
119	30.544481	30.784845	66.100851
120	28.105225	28.170094	61.689497
121	26.525324	26.393182	59.033085
122	24.524606	24.273581	55.360265
123	23.917066	23.509452	54.641837
124	22.19183	21.595643	51.158226
125	21.617571	20.801698	50.206146
126	20.488293	19.42584	47.730814
127	19.991284	18.656013	46.689052
128	19.17482	17.565639	44.768059
129	18.644926	16.794744	43.574459
130	18.074189	15.993194	42.237677
131	17.598998	15.303288	41.14601
132	17.134631	14.594779	39.982486
133	16.89595	14.180589	39.505012
134	16.032385	13.279572	37.69015
135	15.918436	13.021627	37.588698
136	15.327134	12.375637	36.269522
137	15.040482	11.989785	35.672165
138	14.629028	11.48964	34.720196
139	14.539755	11.310028	34.591693
140	14.191557	10.94745	33.870648
141	14.256762	10.890325	34.033768
142	13.934921	10.482138	33.164687
143	13.892124	10.284976	32.981301
144	13.54923	9.917819	32.211622
145	13.516481	9.704206	32.076548
146	13.229815	9.32384	31.271604
147	13.289054	9.178569	31.142108
148	13.014701	8.793947	30.173585
149	13.026165	8.751176	29.874222
150	12.732919	8.620895	28.909421
151	12.402717	8.747182	28.263679
152	11.690911	8.743763	27.277786
153	11.120713	8.620279	26.883503
154	10.706753	8.263935	26.377751
155	10.630938	8.053847	26.357631
156	10.3866		7.701266	25.761281
157	10.414911	7.574892	25.872894
158	10.313521	7.336358	25.542237
159	10.22695	7.170017	25.385763
160	10.092865	6.935069	24.941097
161	10.200152	6.913036	25.219216
162	10.006537	6.670112	24.698934
163	9.986134	6.598151	24.74555
164	9.727199	6.347644	24.126674
165	9.813587	6.325118	24.35094
166	9.616566	6.118129	23.824778
167	9.650608	6.073339	23.927999
168	9.399774	5.873276	23.315845
169	9.415625	5.824162	23.386917
170	8.835866	5.699235	23.183728
171	9.062246	5.658125	23.243026
172	8.807163	5.474944	22.727913
173	8.725623	5.421296	22.713005
174	8.518698	5.286768	22.381949
175	8.449393	5.233547	22.349295
176	8.262324	5.08814		22.014495
177	8.260822	5.05438		22.048728
178	8.14324		4.91648		21.732624
179	8.145385	4.812756	21.519799
180	8.120069	4.720166	21.225732
181	8.291707	4.711999	21.312302
182	8.256307	4.628876	20.972284
183	8.305316	4.589212	20.943176
184	8.278822	4.550177	20.85139
185	8.322242	4.555795	20.930691
186	8.269112	4.475782	20.678939
187	8.268102	4.468307	20.688914
188	8.085329	4.353436	20.340906
189	8.106416	4.343369	20.455978
190	7.968864	4.224228	20.02167
191	8.093768	4.205529	20.070726
192	8.140306	4.128442	19.840859
193	8.171148	4.06837		19.720588
194	8.247867	4.019851	19.670534
195	8.297342	3.989426	19.566764
196	8.214547	3.902558	19.221692
197	8.3278		3.89994		19.341304
198	8.23514		3.811921	19.035443
199	8.289779	3.811988	19.061354
200	8.155143	3.71048		18.636982
