0	0			0			0
1	-139.960831	52.072738	26.758162
2	-129.300025	108.629318	67.109692
3	11.629361	46.568243	-4.035595
4	182.801821	84.280187	20.837521
5	10.421711	59.596988	-6.689527
6	-3.743303	67.437151	8.496247
7	14.531166	60.849833	3.836888
8	50.921426	57.723919	15.874237
9	25.15103	35.961188	5.502477
10	4.832647	32.86865	16.49432
11	2.402952	14.310717	4.15205
12	7.200165	14.544318	12.865478
13	-11.43344	4.441664	0.593848
14	6.493093	9.735894	9.040849
15	2.91354		0.248604	1.001918
16	4.223596	6.055584	7.314108
17	-7.001246	-2.650481	-0.872917
18	-2.162088	0.595925	4.291367
19	-8.4819		-5.843039	-2.061134
20	9.866968	2.131083	3.502661
21	-5.00369	-6.744564	-4.469318
22	-5.131556	-3.806122	-0.645141
23	-8.40235	-6.665391	-3.959956
24	-7.192279	-4.970777	-1.809143
25	-9.823145	-8.652242	-5.941379
26	-4.87302	-4.200139	-1.532777
27	-9.166024	-8.748687	-6.029896
28	-5.916547	-6.583973	-4.076802
29	-9.865693	-11.58007	-9.436225
30	-8.143596	-9.886048	-7.731209
31	-12.46213	-13.904297	-11.996143
32	-11.65998	-12.834358	-10.982834
33	-17.076757	-18.379503	-16.405844
34	-19.445623	-21.892714	-20.01045
35	-30.206844	-35.843802	-34.450663
36	-47.881555	-51.032794	-49.114457
37	-102.772521	-99.528452	-95.95542
38	-144.646713	-139.315735	-135.559435
39	-162.828237	-160.588074	-157.830907
40	-166.239745	-165.102228	-162.471223
41	-171.549383	-170.78322	-168.119419
42	-172.172393	-171.239333	-168.342311
43	-174.767964	-173.8035	-170.745772
44	-175.007028	-173.964797	-170.585264
45	-177.61373	-176.580834	-173.330388
46	-175.891876	-175.123624	-171.355608
47	-178.983904	-178.336624	-174.031084
48	-176.227993	-175.469166	-170.450681
49	-179.150971	-178.671871	-172.251408
50	-176.927751	-176.753729	-169.522963
51	-179.885129	-179.760397	-170.635816
52	-177.919159	-177.901984	-167.018797
53	-179.932026	-180.030573	-165.508149
54	-179.262127	-179.483507	-158.984466
55	-180.359725	-180.774004	-154.556926
56	-178.369996	-178.944618	-138.075794
57	-180.859709	-181.092	-108.855376
58	-179.715906	-180.194893	-71.004016
59	-180.635085	-181.381558	-50.5758
60	-178.775039	-179.811818	-31.825324
61	-180.580124	-181.942128	-25.896236
62	-178.866742	-180.275308	-20.853355
63	-181.423542	-182.718	-20.160045
64	-180.075117	-181.32923	-17.074709
65	-181.966019	-183.446767	-17.226414
66	-180.500288	-181.941599	-14.979548
67	-181.446916	-182.92416	-14.871295
68	-180.206743	-181.820229	-12.989434
69	-181.953317	-183.711354	-14.715813
70	-180.488565	-182.786086	-12.945013
71	-180.747245	-183.672988	-13.376759
72	-179.846764	-183.198448	-12.411872
73	-180.436974	-184.14683	-12.923643
74	-179.864295	-183.460305	-12.016537
75	-180.397589	-184.54663	-12.794048
76	-179.912128	-184.754706	-12.683312
77	-180.194582	-185.493439	-13.419183
78	-179.150364	-184.974075	-12.949699
79	-179.818216	-186.130854	-14.130564
80	-178.103648	-184.909195	-12.897024
81	-178.950396	-186.506822	-14.312029
82	-178.714331	-187.030672	-14.762969
83	-178.818389	-187.98229	-15.689067
84	-177.608034	-187.480879	-15.142141
85	-179.066798	-189.718871	-17.293964
86	-177.802214	-189.046312	-16.658121
87	-178.267806	-190.603727	-18.146377
88	-177.886208	-190.583927	-18.162194
89	-179.090344	-191.938215	-19.642404
90	-179.171394	-192.592298	-20.293798
91	-180.219056	-194.103599	-21.852527
92	-180.600995	-194.619345	-22.397589
93	-181.836401	-196.244633	-24.007518
94	-182.737719	-197.170894	-25.022316
95	-185.280366	-199.974274	-27.89759
96	-186.13499	-200.93584	-28.948021
97	-188.689069	-203.676632	-31.719748
98	-190.529794	-205.731864	-33.897253
99	-193.614753	-209.077893	-37.341726
100	-196.669011	-212.295048	-40.636946
101	-200.909731	-216.441572	-44.858209
102	-205.013818	-220.277176	-48.740761
103	-211.216848	-225.947877	-54.410429
104	-219.195952	-233.337781	-61.703269
105	-228.124939	-241.620179	-69.803379
106	-238.399939	-251.433066	-79.380847
107	-249.480608	-262.239831	-89.955948
108	-260.542544	-273.320453	-100.833789
109	-272.384942	-284.967455	-112.306362
110	-281.670513	-293.999493	-121.242441
111	-290.604914	-302.217671	-129.398239
112	-297.750019	-308.632353	-135.749432
113	-302.930101	-314.740859	-141.829833
114	-306.435633	-318.897074	-146.021839
115	-311.058252	-322.848293	-150.010595
116	-314.475385	-325.429745	-152.620004
117	-318.008946	-328.138457	-155.357968
118	-320.352128	-329.522853	-156.794183
119	-323.24444	-331.531364	-158.860822
120	-325.476932	-333.187443	-160.521316
121	-327.476132	-334.732016	-162.151813
122	-327.91267	-334.859155	-162.372697
123	-329.252321	-336.134509	-163.729061
124	-330.493414	-337.381353	-165.031441
125	-330.724622	-337.683114	-165.412069
126	-331.946801	-338.922892	-166.73365
127	-332.219007	-339.185522	-167.052609
128	-333.365898	-340.212933	-168.184801
129	-333.784313	-340.416184	-168.45619
130	-334.566034	-340.883227	-169.033064
131	-335.453516	-341.570563	-169.739295
132	-335.678073	-341.244428	-169.619801
133	-337.568579	-342.420405	-170.949885
134	-337.913505	-342.233465	-170.961003
135	-338.321472	-342.150368	-171.16558
136	-339.203539	-342.687963	-171.92657
137	-339.412172	-342.347006	-171.916031
138	-339.558264	-342.008421	-171.824447
139	-339.98154	-341.744485	-171.996147
140	-340.179758	-341.471127	-172.00688
141	-340.878396	-341.983455	-172.679567
142	-341.787256	-342.651655	-173.444475
143	-342.738864	-343.093291	-173.998083
144	-343.420702	-343.335784	-174.485631
145	-344.287624	-343.729484	-175.172388
146	-345.00068	-343.656682	-175.746596
147	-346.012803	-343.753928	-176.518087
148	-347.354378	-343.431794	-177.350512
149	-348.687738	-342.568268	-177.812972
150	-350.894308	-342.187075	-178.622388
151	-353.07839	-342.20276	-178.892896
152	-354.646518	-343.763992	-178.667836
153	-354.456684	-346.040642	-178.118998
154	-353.273099	-347.179005	-177.442299
155	-352.757389	-348.30009	-177.491807
156	-352.162195	-348.42418	-177.146223
157	-351.825194	-348.613664	-176.827973
158	-352.163422	-349.017525	-177.028974
159	-352.57689	-349.494138	-177.319152
160	-352.145196	-348.987278	-176.692237
161	-352.869853	-349.471433	-177.101349
162	-353.480886	-349.810773	-177.327365
163	-354.237771	-350.26816	-177.685271
164	-354.421169	-350.239395	-177.560771
165	-354.757043	-350.200743	-177.588696
166	-355.497041	-350.67535	-177.921847
167	-356.111801	-350.565197	-177.975547
168	-356.975203	-351.07794	-178.311274
169	-357.591253	-350.658739	-177.694756
170	-357.623635	-351.116894	-178.052068
171	-357.861521	-351.459722	-178.382188
172	-358.53439	-351.893607	-178.815708
173	-358.397238	-351.844057	-178.5185
174	-358.6383	-352.126914	-178.852178
175	-358.327368	-352.258465	-178.73554
176	-358.233824	-352.455738	-178.941086
177	-357.488036	-352.479622	-178.843992
178	-357.377829	-353.002727	-179.373364
179	-356.757344	-352.745917	-179.282572
180	-356.045613	-352.262244	-178.923314
181	-355.972282	-352.024256	-178.871953
182	-356.713948	-352.372484	-179.07677
183	-356.753989	-352.071481	-178.64007
184	-357.26276	-352.084921	-178.554939
185	-357.69464	-352.645635	-178.880553
186	-358.20101	-352.911216	-179.023643
187	-359.066248	-353.646619	-179.343745
188	-359.221431	-354.000893	-179.28332
189	-359.171275	-354.4673	-179.430845
190	-358.919686	-354.977328	-179.750818
191	-358.138439	-354.932313	-179.271578
192	-358.832731	-355.646184	-179.720165
193	-358.891212	-355.695246	-179.429431
194	-359.174335	-355.681444	-179.342244
195	-360.358174	-356.536896	-179.978218
196	-360.505322	-356.374139	-179.42123
197	-361.271641	-356.848705	-179.594711
198	-361.792514	-357.12732	-179.486348
199	-362.589009	-357.72647	-179.75798
200	-362.631275	-357.778371	-179.232881
